# Copyright (C) 2017 Seoul National University
#
# Licensed under the Apache License, Version 2.0 (the "License");
# you may not use this file except in compliance with the License.
# You may obtain a copy of the License at
#
#        http://www.apache.org/licenses/LICENSE-2.0
#
# Unless required by applicable law or agreed to in writing, software
# distributed under the License is distributed on an "AS IS" BASIS,
# WITHOUT WARRANTIES OR CONDITIONS OF ANY KIND, either express or implied.
# See the License for the specific language governing permissions and
# limitations under the License.

# Forest classification
# numFeatures : 27 / numData = 523

-1 0 0 0 0 0 0 0 0 0 0 0 0 0 0 0 0 0 0 0 0 0 0 0 0 0 0 0 4
0 39 36 57 91 59 101 93 27 60 75.7 14.86 40.35 7.97 -32.92 -38.92 -14.94 4.47 -2.36 -18.41 -1.88 -6.43 -21.03 -1.6 -6.18 -22.5 -5.2 -7.86 2
1 84 30 57 112 51 98 92 26 62 30.58 20.42 39.83 -16.74 -24.92 -36.33 -15.67 8.16 -2.26 -16.27 -1.95 -6.25 -18.79 -1.99 -6.18 -23.41 -8.87 -10.83 1
2 53 25 49 99 51 93 84 26 58 63.2 26.7 49.28 3.25 -24.89 -30.38 -3.6 4.15 -1.46 -15.92 -1.79 -4.64 -17.73 -0.48 -4.69 -19.97 -4.1 -7.07 0
3 59 26 49 103 47 92 82 25 56 55.54 24.5 47.9 -6.2 -20.98 -30.28 -5.03 7.77 2.68 -13.77 -2.53 -6.34 -22.03 -2.34 -6.6 -27.1 -7.99 -10.81 0
4 57 49 66 103 64 106 114 28 59 59.44 2.62 32.02 -1.33 -37.99 -43.57 -34.25 1.83 -2.94 -21.74 -1.64 -4.62 -23.74 -0.85 -5.5 -22.83 -2.74 -5.84 2
5 85 28 56 120 52 98 101 27 65 35.14 23.43 42.29 -16.58 -25.43 -34.14 -17.45 1.58 -10.28 -26.18 -1.89 -5.89 -34.92 -1.89 -8.05 -29.72 -1.94 -4.94 1
6 56 29 50 93 51 94 77 26 58 62.5 22.48 48.2 9.69 -24.78 -30.81 3.91 3.09 -2.68 -26.33 -0.55 -3.89 -23.84 0.02 -4.2 -23.17 -0.22 -4.22 0
7 40 39 58 82 61 99 89 26 57 73.99 12.91 41.92 17.33 -34.82 -36.19 -11.07 4.28 -0.19 -18.72 -2.61 -8.38 -20.56 -1.51 -6.68 -21.16 -3.42 -6.61 2
8 53 27 49 95 49 92 63 25 54 66.97 24.43 49.28 8.08 -22.53 -28.25 19.78 3.75 0.92 -25.65 -2.09 -5.95 -39.27 -2.13 -8.73 -30.73 -2.42 -5.58 0
9 51 57 77 90 89 123 97 47 83 64.91 -5.21 21.45 12.21 -62.9 -60.4 -16.75 -16.85 -26.44 -20.97 -1.76 -5.05 -22.01 -0.93 -5.6 -22.26 -3.28 -6.39 3
10 34 32 53 97 53 97 59 22 50 83.32 19.34 45.03 4.09 -26.76 -33.99 20.34 7.06 5.3 -22.93 -1.82 -5.44 -27.3 -1.37 -6.44 -23.23 -1.89 -4.89 2
11 75 68 89 116 77 118 94 42 76 43.28 -16.52 9.17 -13.26 -50.8 -54.87 -13.2 -12.88 -20.64 -24.49 -1.42 -4.34 -27.33 -0.91 -5.92 -24.1 -1.21 -4.88 3
12 64 52 71 98 72 109 87 37 70 50.02 -0.56 27.64 0.31 -46.02 -46.84 -9.36 -5.94 -12.59 -18.32 -2.47 -7.93 -20.07 -1.51 -6.34 -21.78 -4.52 -7.42 3
13 51 47 67 95 66 106 97 26 56 66.92 4.48 31.13 7.76 -39.83 -42.96 -16.39 3.16 -0.6 -23.75 -1.66 -4.84 -28.07 -1.14 -6.32 -24.11 -1.67 -5.04 2
14 63 28 52 93 51 93 84 25 59 52.49 24.04 46.33 10 -24.96 -30.64 -4.09 5.51 -2.14 -22.89 -1.26 -4.81 -20.77 -0.89 -5.11 -20.06 -3.51 -6.6 0
15 41 44 67 64 71 104 84 54 85 71.81 8.35 34.35 33.13 -44.66 -40.47 -7.91 -24.34 -28.44 -18.06 -3.04 -10.02 -18.23 -1.68 -7.48 -19.16 -2.55 -6.17 3
16 67 68 89 108 74 114 117 44 86 44.82 -17.32 8.65 -14.46 -46.89 -50.18 -42.21 -14.5 -29.84 -20.1 -0.05 -3.1 -20.06 -1.11 -4.97 -18.07 -0.29 -3.91 3
17 62 59 73 91 78 109 112 28 59 51.78 -7.26 26.41 7.38 -52 -46.65 -34.42 2.75 -1.82 -18.39 -2.84 -8.8 -18.93 -1.51 -6.56 -20.28 -3.8 -6.86 2
18 50 25 49 92 48 90 62 23 52 63.08 25.84 48.42 5.61 -21.87 -27.52 13.09 5.99 3.1 -19.16 -2.88 -7.25 -31.35 -2.43 -7.84 -22.66 -2.57 -4.99 0
19 74 29 55 114 52 101 94 28 65 38.43 23.43 46.57 -19.59 -25.44 -37 -19.66 0.49 -9.11 -17.91 -3.04 -10.05 -15.37 -1.86 -7.9 -17.2 -1.27 -5.42 1
20 78 85 101 124 82 126 91 50 80 37.23 -33.92 -3.44 -24.21 -55.89 -63.47 -13.53 -20.94 -24.71 -20.68 -1.6 -5.22 -24.8 -1.16 -5.72 -20.59 -1.67 -4.54 3
21 61 50 69 91 73 105 111 27 59 53.31 1.23 28.56 7.9 -47.15 -43.27 -32.78 4.14 -1.6 -19.78 -2.69 -7.74 -20.33 -1.58 -6.46 -20.89 -3.9 -6.68 2
22 55 30 53 86 52 94 69 28 61 56.56 20.7 44.65 7.51 -24.94 -30.2 5.07 1.4 -5 -25.66 1.02 -3.15 -22.19 0.65 -2.84 -19.5 1.1 -2.77 0
23 68 28 54 110 50 98 95 27 64 40.75 22.88 43.75 -17.2 -23.37 -34.37 -29.05 1.39 -9.84 -14.24 -0.7 -3.01 -16.95 -0.94 -5.06 -7.59 0.24 -2.12 1
24 57 55 71 102 70 108 126 27 59 58.55 -2.97 27.12 0.95 -44.02 -45.8 -45.99 3.78 -1.9 -22.16 -2.01 -4.88 -23.59 -1 -5.59 -22.3 -3.61 -6.71 2
25 74 30 57 109 50 98 88 28 64 37.75 20.63 40.63 -16.73 -22.13 -33.5 -11.88 2.12 -6.53 -20.83 0.19 -3.08 -18.88 -1.56 -5.22 -19.58 -0.54 -5.02 1
26 66 78 101 106 73 114 112 36 73 48.08 -26.47 -2.61 -7.11 -47.11 -52.05 -33.92 -5.12 -15.77 -19.12 -2.7 -8.21 -19.17 -1.41 -6.24 -20.34 -3.67 -6.73 3
27 50 39 62 108 55 101 95 26 58 65.11 11.94 35.26 -8.07 -28.99 -38.74 -17.55 3.12 -2.71 -20.94 -1.65 -4.94 -24.67 -1.08 -5.59 -20.79 -1.81 -4.77 2
28 50 51 73 78 61 98 89 25 55 63.42 0.86 26.07 21.02 -35.17 -36.07 -11.53 5.7 2.03 -19.05 -2.81 -8.65 -19.11 -1.28 -6.17 -19.51 -3.16 -6.28 2
29 45 39 60 105 60 106 98 27 57 68.12 11.67 37.47 -8.42 -33.88 -43.58 -23.51 1.91 -1.94 -18.76 -1.01 -5 -23.14 -1.09 -5.18 -17.79 -1.24 -3.77 2
30 45 39 61 108 57 108 74 27 57 66.82 11.67 36.64 -14.65 -29.79 -44.06 1 2.56 -0.69 -19.71 -0.04 -2.99 -19.55 -1.25 -5.1 -18 -0.41 -4.04 2
31 57 28 49 96 48 92 78 25 57 57.71 23.08 48.15 4.48 -22.06 -29.98 -0.94 4.47 -1.44 -21.93 -2.47 -4.86 -24.79 -1.08 -5.86 -21.44 -2.33 -5.94 0
32 67 75 95 92 84 120 81 53 86 44.85 -24.28 2.59 3.77 -57.73 -57.22 -7.92 -24.11 -30.97 -15.64 -0.66 -2.3 -17.71 -0.63 -4.03 -13.26 -0.37 -2.91 3
33 68 28 54 104 50 96 90 28 61 43.51 22.74 43.62 -8.54 -23.66 -33.1 -17.25 0.91 -5.93 -10.26 -0.57 -1.7 -5.4 0.47 -1.36 -5.61 0.26 -1.67 0
34 49 46 67 105 57 100 91 25 55 66.99 5.85 30.25 -1.41 -31.14 -38.09 -10.45 5.72 1.95 -21.31 -2.11 -4.91 -24.32 -0.98 -5.5 -22.41 -3.16 -6.14 2
35 56 50 68 80 70 100 107 27 60 57.8 0.42 27.5 17.38 -44.61 -39.56 -29.18 3.46 -3.55 -20.35 -2.13 -6.8 -17.57 -1.01 -5.12 -18.96 -2.67 -5.4 2
36 61 77 108 83 69 103 93 24 55 52.95 -25.29 -10.87 17.17 -43.39 -41.79 -14.73 6.75 1.92 -20.65 -2.35 -6.66 -20.22 -1.02 -5.55 -20.42 -2.64 -5.72 2
37 82 29 54 111 51 97 107 26 63 34.5 22.56 44.5 -3.92 -24.34 -32.79 -24.15 3.4 -6.89 -22.53 -1.87 -6.47 -31.02 -1.97 -8.14 -26.03 -1.92 -5.32 1
38 63 70 92 90 87 129 103 70 109 49.2 -19.21 5.67 4.24 -60.53 -66.15 -28.98 -40.84 -53.53 -18.39 -0.31 -2.56 -19.41 -0.83 -4.3 -16.09 -0.47 -3.3 3
39 54 57 78 77 69 100 97 26 56 59.42 -6.75 16.98 20.55 -43.64 -39.73 -19.71 4.32 0.25 -20.22 -2.26 -6.65 -16.47 -0.87 -4.77 -17.49 -2.54 -5.28 2
40 40 38 59 114 55 105 87 26 58 72.56 12.78 38.64 -19.42 -28.75 -42.52 -13.05 3.04 -2.75 -17.76 -0.34 -2.13 -18.94 -0.7 -3.92 -15.38 -0.48 -3.04 2
41 58 52 68 105 65 107 107 27 56 55.13 -1.67 28.04 -8.2 -39.47 -46.19 -32.33 1.79 -1.24 -18.53 -0.61 -3.43 -22.41 -0.74 -4.09 -17.44 -1.16 -3.56 2
42 62 27 51 92 47 87 89 25 57 51.04 22.96 43.38 4.66 -21.76 -27.07 -12.25 5.2 -0.93 -19.84 -2.99 -6.22 -11.07 -0.31 -3.64 -14.2 -2.67 -5.79 0
43 53 27 49 87 50 90 71 25 55 62.14 24.28 48.07 15.31 -24.29 -28.36 7.09 4.66 0.71 -24.07 -2.26 -5.76 -31.75 -1.61 -6.74 -24.89 -2.85 -5.98 0
44 82 29 55 117 50 98 101 26 63 34.21 21.21 42.36 -16.84 -24.14 -35.64 -21.67 2.64 -7.93 -19.7 0.08 -1.2 -24.43 -0.73 -4.36 -20.41 -0.49 -3.02 1
45 63 50 69 97 73 109 101 28 60 52.84 0.23 28.34 1.38 -47.16 -46.81 -23.35 0.74 -4.99 -19.85 -0.03 -1.79 -23.22 -0.79 -4.45 -19.2 -0.67 -3.12 2
46 54 48 67 115 59 105 118 28 62 59.86 2.61 30.47 -19.76 -33.06 -43.07 -43.23 0.92 -6.95 -17.12 -0.03 -0.29 -19.08 -0.62 -3.35 -15.45 -0.57 -2.67 2
47 60 62 85 101 73 115 96 37 73 52.89 -11.6 10.43 -2.35 -47.73 -54.87 -21.37 -7.74 -17.87 -17.73 -0.76 -3.36 -23.32 -0.69 -3.76 -17.22 -1.81 -4.13 3
48 54 53 72 81 70 102 106 27 58 58.17 -2.54 22.6 17.15 -44.68 -41.98 -29.34 3.46 -1.58 -22.54 -0.07 -4.62 -19.2 -0.84 -5.06 -20.79 -0.45 -3.33 2
49 70 28 54 113 52 100 88 25 63 44.55 22.46 43.37 -17.31 -26.17 -38.22 -12.66 3.85 -8.02 -4.81 0.97 2.27 -8.54 -0.2 -0.04 -7.13 -0.3 -0.14 0
50 56 51 69 88 64 104 102 25 54 60.28 0.4 27.6 15.16 -38.42 -42.68 -21.99 5.34 2.49 -21.91 -1.71 -5.25 -25.52 -0.89 -5.42 -22.17 -2.48 -5.39 2
51 51 31 55 80 52 90 82 25 56 61.3 19.77 39.83 18.77 -26.64 -29.83 -5.14 5.55 0.5 -30.77 1.99 -4.54 -18.81 -0.66 -5.85 -27.83 0.87 -1.31 0
52 63 28 52 98 50 92 83 26 58 54.28 23.18 44.35 6.5 -24.48 -30.8 -2.27 4.45 -1.41 -22.1 -1.58 -5.35 -23.97 -0.33 -4.81 -19.99 -2.05 -4.61 0
53 85 34 59 112 58 99 115 26 63 27.51 24.99 40 4.59 -31.54 -37.01 -30.67 8.66 -3.25 -18.02 -8.8 -8.47 -35.97 -1.72 -6.05 -24.83 -5.74 -7.57 1
54 93 29 56 126 49 96 121 26 64 29.98 20.91 40.27 -12.35 -23.55 -33.83 -32.69 2.88 -8.85 -28.72 0.11 -5.31 -34.61 -0.8 -6.36 -29.4 -0.32 -3.21 1
55 53 29 51 87 49 92 66 24 56 60.98 21.63 46.37 7.84 -23.27 -30.63 8.61 4.88 -1.07 -26.56 0.74 -3.67 -28.71 -0.29 -4.33 -22.42 -0.38 -3.74 0
56 52 49 67 54 53 87 62 52 79 60.6 0.08 25.76 40.82 -28.08 -28.07 14.3 -22.3 -23.61 -19.63 -1.72 -5 -18.12 -1.28 -4.96 -16.85 -1.57 -4.05 3
57 44 37 59 94 59 100 88 24 53 71.57 14.27 37.03 8.39 -33.57 -39.26 -8.76 6.48 3.51 -20.89 -1.61 -4.59 -24.65 -0.79 -4.8 -20.83 -2.45 -5.22 2
58 66 28 54 104 48 95 84 25 59 40.59 21.57 39.57 -15.93 -22.86 -36.13 -14.09 4.5 -3.78 -15.55 -0.16 -4.34 -10.57 -1 -4.31 -12.37 -0.26 -2.81 1
59 85 30 56 118 50 96 106 26 60 33.5 20.5 40.5 -11.9 -24.5 -34.9 -21.75 4.41 -2.73 -23.99 -0.42 -5.54 -27.39 -0.92 -5.39 -25.36 -1.81 -5.29 1
60 53 40 61 92 60 99 101 25 56 62.25 11.25 34.92 10.02 -34.6 -38.37 -22.1 5.47 0.49 -20.32 -1.59 -4.27 -24.22 -0.8 -4.69 -20.42 -2.48 -5.21 2
61 45 43 62 96 63 101 90 30 65 63.77 6.03 31.53 -7.27 -38.71 -43.91 -23.74 -1.89 -11.44 -16.33 0.63 -2.7 -17.18 -0.2 -1.83 -11.33 -0.95 -2.64 3
62 61 59 77 99 73 111 105 35 73 52.61 -8.27 20.31 -5.01 -47.45 -50.12 -31.09 -6.15 -18.15 -19.07 -0.19 -2.64 -20.29 -0.49 -3.32 -16.19 -0.65 -3.04 3
63 56 69 91 93 96 136 74 54 90 59.92 -17.71 5 9.94 -70.58 -75.28 5.65 -23.42 -33.37 -20.87 -1.07 -4.62 -23.83 -0.66 -4.56 -20.6 -2.14 -4.74 3
64 56 26 51 107 49 91 78 23 55 51.23 22.69 42.15 -29.06 -25.75 -35.68 -19.37 3.39 -3.74 -17.84 0.77 -2.66 -10.48 0.44 -0.97 -6.78 0.48 -0.72 1
65 49 27 50 85 49 91 65 23 54 58.62 21.76 43.21 -1.72 -25.3 -35.1 -3.05 4.3 -1.53 -23.95 0.32 -2.86 -23.43 -0.83 -3.49 -15.86 -0.71 -2.71 0
66 82 30 56 118 49 94 105 26 63 36.99 20.9 40.3 -15.88 -23.41 -32.41 -23.97 3.9 -6.65 -24.65 -0.95 -6.21 -22.79 -1.07 -6 -21.83 -1.07 -4.27 1
67 61 50 68 103 65 107 101 27 57 53.47 1.29 28.19 -1.98 -39.57 -46.55 -23.48 3.19 -0.91 -15.52 -1.46 -2.77 -21.1 -0.83 -3.8 -16.41 -2.26 -4.5 2
68 59 56 75 88 77 107 114 26 58 56.68 -4.84 20.71 12.76 -51.62 -46.43 -35.29 4.84 -1.16 -23.36 -1.58 -6.44 -23.72 -1.08 -5.63 -21.05 -1.95 -4.79 2
69 78 29 55 119 49 97 99 26 63 40.85 20.57 41.14 -21.66 -23.44 -35.44 -18.66 3.28 -6.66 -25.73 -1.05 -8.27 -21.08 -1.69 -7.25 -21.45 -1.02 -4.65 1
70 55 58 81 97 77 121 85 38 71 56.46 -7.94 14.45 -5.31 -51.94 -61.81 -13.99 -9.3 -16.49 -16.3 -0.04 -2.15 -16.69 -0.43 -2.48 -13.21 -0.98 -3.09 3
71 92 56 83 172 58 110 97 82 108 20.01 -7.05 9.35 -77.01 -33.18 -51.38 -21.07 -52 -52.4 -19.16 -0.82 -4.46 -18.93 -1.08 -4.44 -16.63 -1.5 -3.74 3
72 68 76 89 111 82 123 121 35 74 44.09 -25.64 7.07 -18.54 -56.8 -63.39 -49.08 -6.17 -19.31 -16.76 -0.27 -2.29 -17.49 -0.54 -2.75 -14.02 -1.07 -3.24 3
73 60 27 49 95 47 88 69 23 53 53.52 22.68 45.27 1.42 -21.82 -28.12 8 7.65 3.6 -19.52 -2.97 -7.33 -26.02 -2.03 -6.91 -19.2 -4.02 -6.92 0
74 84 32 57 118 50 95 100 25 62 33.66 18 37.72 -19.39 -24.56 -34.28 -19.4 9.46 -1.65 -24.05 -1.6 -6.96 -22.45 -1.61 -6.4 -21.33 -6.33 -8.76 1
75 58 27 51 95 49 94 68 23 55 55.51 24.66 47.4 -1.75 -23.56 -33.53 6.22 5.97 -0.1 -19.98 -2.27 -4.94 -23.41 -1.46 -4.69 -16.93 -1.5 -4.21 0
76 57 54 70 79 74 101 94 26 56 55.34 -5.6 21.35 15.23 -49.23 -42.72 -17.69 3.63 -0.94 -21.1 -0.3 -4.11 -19.65 -1.11 -4.4 -17.92 -0.46 -2.75 2
77 63 53 74 98 77 113 77 39 68 51.01 -1.64 21.35 3.4 -51.68 -52.8 0.55 -8.36 -11.49 -17.77 -1.08 -3.27 -22.03 -0.7 -4.09 -17.92 -2.13 -4.52 3
78 80 29 54 119 50 95 101 24 60 33.33 22.28 42.05 -19.36 -24.69 -35.02 -25.24 6.32 -3.92 5.13 -1.35 -1.41 1.88 -0.53 -0.94 3.67 -1.26 -1.35 0
79 59 29 52 97 52 98 74 25 57 54.5 22.78 46.58 -3.71 -26.53 -37.49 0.42 3.99 -2.07 -18.07 0.17 -1.16 -19.03 -0.07 -2.62 -13.87 -0.24 -2.22 0
80 56 46 66 115 61 106 101 27 57 57.12 5.15 31.51 -21.93 -35.63 -45.83 -27.83 1.93 -2.18 -17.92 -0.96 -3.2 -18.52 -0.72 -3.33 -15.31 -1.14 -3.41 2
81 53 47 66 107 65 107 104 27 57 58.86 3.51 29.42 -10.69 -39.99 -47.89 -31.4 2.68 -1.68 -14.94 -0.47 -2.51 -18.73 -0.53 -2.75 -13.14 -1.92 -3.85 2
82 61 67 90 93 92 131 85 56 96 52.6 -15.13 8.69 0.39 -66.51 -70.45 -10.4 -26.99 -41.04 -20 -0.72 -2.33 -20.65 -0.46 -3.13 -16.9 -0.73 -3.04 3
83 73 35 61 108 56 95 109 25 59 35.75 21 34.25 3.24 -30.75 -36.25 -35.69 10.83 2.1 -14.22 -6.02 -4.77 -32.81 -0.8 -3.27 -14.72 -7.07 -9.18 1
84 98 89 107 152 67 115 114 46 85 15.14 -37.5 -12.28 -51.16 -41.72 -55.12 -37.02 -14.94 -28.14 -18.38 -1.78 -4.85 -22.4 -0.94 -4.61 -18.01 -2.31 -4.97 3
85 79 30 55 111 49 94 92 24 59 30.42 19.4 38.67 -17.98 -23.88 -34.21 -15.68 6.22 -2.75 -14.18 -1.46 -5.8 -16.22 -1.41 -5.43 -15.41 -2.38 -4.89 1
86 55 50 66 106 63 100 114 26 59 58.34 1.44 29.11 -4.81 -37.62 -39.86 -36.84 4.73 -2.55 -18.13 -0.9 -2.73 -22.85 -0.77 -4.14 -19.04 -2.3 -4.61 2
87 55 47 66 100 61 106 92 25 56 58.65 4.83 32.53 -6.95 -35.66 -45.87 -18.05 4.03 -1.1 -18.45 -1.31 -3.94 -18.22 -0.67 -3.28 -15.49 -1.13 -3.36 2
88 69 27 51 101 47 88 79 23 54 41.93 21.73 41.24 -7.52 -22.18 -29.38 -3.61 6.71 1.3 -9.39 -1.92 -3.74 -11.79 -1.31 -3.24 -8.18 -2.25 -4.41 0
89 71 65 85 100 81 121 120 35 73 41.86 -13.07 13.72 -7.37 -55.67 -60.87 -45.74 -6.05 -18.19 -19.74 -1.1 -3.55 -20.74 -0.64 -3.31 -17.51 -1.09 -3.32 3
90 81 98 125 117 90 129 89 46 76 28.79 -50.31 -34.91 -25.59 -65.59 -71.75 -14.35 -16.71 -21.35 -16.7 0.26 -2.5 -15.87 -0.79 -3.25 -14.96 -0.71 -2.72 3
91 67 31 55 102 47 89 81 23 56 36.04 16.24 34 -21.83 -23.89 -34.25 -13.77 5.9 -2.28 -8.26 0.54 -1.29 -3.51 0.51 -0.59 -6.17 -0.81 -2.1 1
92 61 65 83 144 58 110 139 38 76 52.32 -13.22 13.44 -44.13 -32.56 -49.8 -62.74 -7.4 -19.77 -15.81 -1.77 -2.89 -20.61 -1.02 -4.11 -16.34 -2.58 -4.78 3
93 105 160 196 131 65 109 96 40 75 7.66 -112.6 -106.12 -38.71 -40.47 -51.39 -19.3 -10.79 -20.43 -25.7 0.7 -3.87 -22.34 -1.05 -4.52 -20.14 2.24 -0.53 3
94 58 51 67 94 65 101 111 26 56 53.47 -1.53 26.13 2.01 -39.93 -41.94 -36.52 4.14 -0.25 -17.32 0.19 -3.26 -18.41 -0.82 -3.93 -15.67 -1.23 -3.91 2
95 68 27 51 100 46 87 77 23 54 43.73 21.07 39.75 -6.72 -21.35 -29.09 -1.87 6.36 0.74 -11.73 -1.81 -3.62 -14.88 -1.37 -4.35 -8.78 -2.34 -4.16 0
96 62 65 90 97 85 126 92 47 83 52.44 -12.71 9.16 -2.96 -59.82 -66.06 -17.38 -17.95 -28.17 -19.07 -1.45 -4.35 -18.69 -0.58 -3.21 -16.36 -1.17 -3.39 3
97 80 29 56 114 48 92 100 25 59 34.37 19.62 37.23 -15.09 -23.14 -32.15 -23.54 4.05 -4.41 -19.84 1.56 -2.46 -20.46 -0.39 -4.35 -17.99 0.11 -2.44 1
98 63 71 95 100 87 130 79 43 77 52.16 -18.5 4.5 -4.83 -61.78 -69.99 -3.44 -13.77 -21.94 -19.55 -1.78 -4.91 -19.38 -0.6 -3.39 -17.04 -1.36 -3.63 3
99 54 33 59 78 48 87 62 23 52 58.71 14.08 30.44 13.54 -23.59 -29.65 14.77 6.1 2.36 -32.95 1.42 -3.59 -29.02 -1.09 -5.37 -23.56 4.26 2.82 0
100 64 54 71 116 63 104 127 26 59 48.88 -2.53 24.02 -14.78 -37.54 -43.87 -49.9 5.12 -2.25 -17.76 -1.11 -2.88 -23.46 -0.93 -4.33 -19.48 -2.8 -5.18 2
101 63 68 87 115 75 120 92 42 76 51.09 -16.18 10.95 -17.15 -49.64 -59.83 -16.63 -11.81 -20.05 -16.8 -1.61 -3.96 -19.47 -0.89 -3.82 -15.76 -2.4 -4.61 3
102 72 29 56 110 48 92 94 24 59 40.64 19.45 36.64 -17.29 -23.62 -34.17 -19.22 5.13 -3.64 -19.15 0.95 -3 -16.37 -0.33 -3.11 -15.9 0.02 -3.22 1
103 70 29 55 106 51 93 100 25 60 37.74 20.73 38.36 -3.9 -25.2 -32.46 -32.17 3.8 -6 -13.94 -0.55 -4.11 -25.68 -1.82 -5.91 -8.59 0.14 -1.97 1
104 81 28 52 116 46 90 91 23 57 31.9 18.86 37.19 -26.1 -21.85 -32.95 -12.87 5.79 -3.06 -25.17 0.95 -3.19 -19.72 -0.76 -4 -21.24 2.24 -0.37 1
105 70 29 54 114 47 89 98 25 58 45.73 18 36.15 -16.48 -22.26 -31.1 -18.38 3.84 -3.31 -21.74 0.95 -2.44 -21.3 -1.11 -3.8 -19.31 -0.56 -2.94 1
106 78 29 53 118 48 89 101 25 58 39.97 19 37 -18.9 -23.17 -31 -23.6 3.74 -4.54 -23.56 0.22 -2.02 -22.3 -1.09 -3.67 -16.88 -0.4 -1.67 1
107 41 40 64 85 57 96 76 23 51 70.52 10.55 29.79 14.21 -31.69 -36.4 0.11 7.68 5.21 -17.35 -0.48 -2.83 -22.33 -0.95 -4.31 -18.8 -2.06 -4.6 2
108 45 27 49 84 49 94 60 24 55 65.81 24.74 49.47 6.34 -23.89 -34.36 13.07 4.73 -0.59 -26.97 -2.31 -5.66 -28.97 -1.42 -5.21 -26.09 -2.34 -4.84 0
109 72 28 54 109 51 97 85 25 60 37.56 23.6 44.36 -23.01 -26.08 -37.6 -14.33 3.25 -6.38 -19.1 -0.61 -5.03 -16.02 -0.63 -3.48 -16.77 -1.15 -2.87 1
110 56 49 69 113 63 111 109 26 58 59.11 4.04 31.19 -15.32 -37.68 -50.91 -33.39 4.44 -1.93 -18.84 -2.85 -5.54 -19.9 -0.9 -4.05 -16.65 -2.57 -4.89 2
111 51 53 72 88 74 111 64 39 67 61.26 -1.41 23.57 11.49 -48.59 -51.07 11.6 -8.03 -10.57 -17.89 -0.82 -1.82 -21.4 -0.66 -3.75 -19.55 -3.05 -5.48 2
112 57 55 73 93 72 107 99 26 57 54.69 -5.93 18.93 1.62 -47.02 -48.44 -24.12 3.51 -2.24 -18.23 0.17 -2.02 -17.9 -0.94 -3.75 -15.88 -0.27 -2.59 2
113 59 53 71 110 63 107 96 26 56 52.6 -1.14 27.58 -18.42 -37.92 -47.37 -21.79 2.79 -1.47 -21.61 -0.9 -5.3 -22.3 -0.82 -3.78 -20.86 -1.76 -3.86 2
114 78 30 56 107 50 93 84 24 57 28.5 19.5 36.5 -23.34 -24.99 -35.98 -6.17 6.02 -1.04 -12.8 0.84 -2.32 -6.14 -0.41 -1.18 -18.9 0.64 -3.3 1
115 52 59 88 95 97 136 63 55 80 63.49 -6.16 11.9 0.18 -71.86 -76.09 13.49 -25.72 -24.92 -20.18 -1.11 -4.22 -18.82 -0.56 -3.14 -17.77 -1.37 -3.61 3
116 52 26 48 97 50 95 85 25 58 59.92 25.56 47.64 2.14 -24.66 -35.15 -9.91 5.63 -1.92 -17.13 -0.57 -0.84 -14.69 0.24 -1.69 -21.44 -2.83 -6.45 0
117 83 28 54 119 47 92 97 25 58 35.13 19.08 36 -21.66 -22.54 -34.77 -15.03 3.64 -4.34 -24.81 0.01 -3.09 -22.39 -1.2 -3.83 -22.61 -1.07 -2.47 1
118 58 30 52 93 49 91 72 24 56 48.54 20.88 41.12 -0.35 -23.63 -32.4 1.8 6.38 -0.52 -14.04 -2.58 -4.12 -18.42 -1.05 -2.99 -13.19 0.48 -3.01 0
119 54 26 49 87 44 84 66 22 51 59.69 21.36 41.34 5.85 -19.49 -26.53 11.46 7.05 3.43 -26.07 -2.71 -5.96 -27.46 -2.55 -6.69 -22.5 -1.91 -4.68 0
120 54 27 51 87 53 91 72 25 55 57.61 23.97 43.95 12.4 -27.69 -31.23 3.35 5.42 0.91 -19.67 0.45 -4.2 -27.26 -0.23 -5.13 -18.94 -2.92 -5.16 0
121 60 28 48 102 45 86 80 24 53 53.88 18.75 41.97 -10.94 -20.8 -29.54 -3.19 4.36 0.52 -15.47 -1.13 -3.15 -13.56 -1.02 -3.55 -16.54 -2.34 -4.27 0
122 60 46 73 114 69 116 92 29 63 55.13 6.6 26.39 -19.22 -43.95 -56.32 -15.33 0.09 -8.1 -21.34 -0.46 -3.55 -20.09 -0.56 -3.17 -19.49 -1.32 -3.74 3
123 57 35 59 94 66 102 90 32 67 50.24 19.42 36.3 1.83 -40.01 -41.65 -15.77 -1.24 -11.63 -11.34 12.46 7.37 -3.82 3.44 3.94 -16.84 8.84 7.79 0
124 72 30 55 99 49 92 89 23 57 28.4 19.5 36.63 -8.66 -24.23 -34.49 -27.7 7.03 -2.78 -6.65 1.35 -0.08 -12.15 -0.09 -1.59 -2.95 0.61 -1.48 1
125 67 28 52 102 51 96 84 26 59 49.76 26.5 51.14 -4.07 -25.49 -35.28 -7.74 4.59 -2.76 -16.48 -3.73 -6.58 -14.52 -0.02 -1.57 -10.8 -2.16 -4.29 0
126 81 33 56 109 55 95 100 26 61 25.86 22.99 40 -9.52 -27.78 -33.04 -24.53 6.13 -5.33 -12.49 -0.85 2.86 -17.39 -1.27 -3.74 -17.28 2.12 -0.14 1
127 65 28 51 99 49 88 78 24 54 45.08 22.3 41.8 -4.87 -23.87 -29.23 -3.3 5.73 0.85 -13.94 -2.43 -4.5 -14.84 -1.29 -4.59 -13.26 -1.71 -3.74 0
128 79 27 53 115 47 92 89 24 57 34.07 19.5 36.89 -28.43 -23.27 -36.37 -13.44 3.24 -4.74 -18.88 0.11 -3.07 -11.07 -0.6 -2.42 -15.76 -0.24 -1.52 1
129 57 44 67 135 58 111 112 25 55 60.76 10.38 35.83 -37.67 -32.5 -50.27 -34.52 5.02 0.85 -22.2 -2.72 -7 -19.67 -1 -4.22 -18.81 -2.16 -4.66 2
130 64 27 51 99 50 96 89 26 58 56.23 29.79 55.97 2.27 -23.27 -33.03 -10.79 6.53 0.32 -19.99 -6.19 -10.83 -18.34 -1.77 -5.75 -15.9 -4.67 -6.65 0
131 47 25 48 86 46 88 60 21 50 64.01 25.77 46.48 12.39 -20.75 -28.49 14.59 9.36 5.74 -23.82 -4.02 -6.88 -36.72 -3.27 -8.51 -27.68 -5.22 -7.36 0
132 58 58 76 109 80 121 64 48 70 59.55 -4.03 25.95 -11.91 -54.61 -60.54 13.63 -18.2 -14.35 -22.27 -2.19 -6.03 -19.7 -0.9 -3.99 -19.17 -1.93 -4.48 3
133 66 27 50 96 47 87 78 22 53 47.68 20.05 40.16 -3.84 -22.62 -30.04 -1.19 6.81 1.02 -17.88 -0.51 -3.03 -13.77 -2.05 -3.93 -11.3 -1.68 -3.01 0
134 81 32 57 120 56 107 105 28 63 39.6 25 50.2 -16.28 -28.61 -43.4 -26.41 6.51 -2.69 -23.35 -6.07 -11.21 -24.13 -2.77 -7.07 -18.7 -6.65 -8.99 1
135 40 25 47 81 49 87 74 24 55 69.79 24.89 45.49 13.05 -23.97 -28.46 0.32 5.44 -0.46 -28.43 -1.28 -5.49 -25.56 -1.42 -5.88 -27.55 -2.63 -5.26 0
136 53 67 97 76 88 130 54 56 92 64.01 -14.03 2.69 20.05 -63.04 -70.47 24.33 -27.03 -37.12 -22.74 0.14 -2.32 -20.47 -0.54 -3.14 -20.83 -1.13 -3.84 3
137 58 27 49 95 46 89 81 22 55 50.55 23.7 44.1 -0.59 -20.87 -30.22 -7.63 7.6 -0.41 -13.32 -3.52 -4.35 -15.3 -1.69 -4.49 -15.93 -3.31 -5.5 0
138 47 38 60 121 57 108 91 25 54 70.75 14.9 39.4 -24.32 -32.09 -48.69 -11.99 4.14 1.06 -23.04 0.36 -1.65 -20.31 -0.44 -2.86 -21.01 -1.15 -3.95 2
139 50 27 50 79 45 84 68 23 54 62.24 20.9 41.68 15.56 -20.35 -25.68 7.93 6.19 0.54 -30.47 -2.34 -7.63 -29.62 -1.71 -5.83 -26.83 -0.92 -2.18 0
140 66 29 53 99 52 96 89 25 57 51.71 24.54 48.11 1.82 -26.67 -35.51 -9.96 4.93 -1.27 -19.44 -1.27 -4.94 -15.68 -0.5 -3.61 -15.16 -1.06 -3.76 0
141 80 28 54 115 52 95 93 24 58 35.9 23.96 42.79 -22.48 -28.24 -38.08 -14.27 3.82 -4.44 -20.87 1.88 1.84 -15.21 0.83 -0.26 -20.32 0.55 -2.29 1
142 53 26 50 91 50 94 66 22 53 65.03 27.79 51.52 9.7 -24.66 -33.49 13.24 7.92 2.75 -27.07 -3.05 -7.77 -35.23 -2.38 -7.44 -26.98 -3.24 -5.96 0
143 89 30 58 122 54 101 102 25 59 32.05 23.21 43.07 -20.01 -28.4 -40.46 -19.41 5.38 -2.23 -26.01 0.72 -2.45 -24.49 -0.96 -3.86 -24.05 -1.86 -5.44 1
144 46 28 50 82 51 90 67 24 54 67.16 22.52 45.32 17.56 -25.99 -30.28 9.21 5.74 1.17 -31.34 -0.8 -5.32 -40.37 -2.43 -7.94 -34.14 -3.82 -6.47 0
145 53 45 66 102 55 100 89 25 54 57.37 4.92 27.73 -4.26 -30.05 -41 -15.03 4.47 0.73 -19.14 -0.45 -3.55 -22.47 -0.99 -4.81 -18.85 -0.54 -3.02 2
146 54 50 69 101 64 107 104 26 55 64.92 3.86 32.05 -1.69 -38.85 -46.97 -23.48 3.46 0.47 -24.38 -0.08 -2.97 -22.39 -0.82 -3.83 -22.89 -1.58 -4.54 2
147 61 29 52 96 55 100 78 26 57 58.07 24.23 48.23 2.59 -29.96 -40.32 2.7 3.27 -1.66 -23.97 1.38 -1.56 -20 0.21 -2.51 -21.23 0.2 -3.25 0
148 85 29 55 122 55 103 101 26 62 34.29 25.14 47.14 -24.14 -29.72 -42.15 -20.86 2.45 -7.41 -23.62 0.21 -2.47 -19.65 -0.72 -3.93 -21.59 -0.18 -3.34 1
149 46 41 61 117 58 109 86 24 55 71.9 12.26 39.3 -16.21 -32.81 -48.79 -6.57 5.65 0.48 -23.73 -1.15 -5.57 -25.8 -1.15 -4.97 -22.48 -2.03 -4.66 2
150 59 28 53 95 49 91 77 23 54 53.27 22.12 41.73 3.5 -24.11 -31.56 -1.79 6.62 1.01 -17.2 -1.35 -3.23 -20.21 -1.25 -6.04 -19.1 1.25 -1.43 0
151 76 29 54 115 49 95 97 24 60 36.6 21 40.8 -17.27 -24.3 -35.1 -22.19 5.6 -5.09 -20.95 -0.72 -3.97 -24.83 -1.08 -6.17 -20.37 -1.34 -3.89 1
152 62 27 49 90 46 86 82 24 55 49.97 21.2 43.67 4.47 -21.28 -27.2 -5.54 5.43 -0.05 -21.31 -2.03 -5.75 -12.54 -0.73 -3.09 -14.55 -1.76 -3.87 0
153 57 42 61 107 66 106 101 25 54 62.14 11.83 39.99 -7.93 -40.9 -46.09 -20.14 4.31 1.38 -24.06 0.61 -2.21 -20.79 -0.5 -3.23 -22.28 -0.88 -4.12 2
154 67 48 68 110 72 115 81 34 66 51.87 5.77 33.27 -11.84 -46.93 -54.94 -0.7 -5.02 -10.97 -23.25 0.65 -1.84 -19.67 -0.48 -3.16 -21.6 -0.63 -3.77 3
155 53 48 65 87 60 98 95 25 54 57.03 0.61 27.42 8.72 -35.13 -39.23 -20.53 4.43 0.79 -19.23 -0.77 -5.12 -17.62 -1.03 -4.42 -16.84 -1.09 -3.24 2
156 63 29 52 97 55 101 79 24 58 55.96 24.94 49.71 1.09 -29.88 -40.69 1.18 4.9 -3.05 -21.48 0.56 -1.71 -17.89 -0.45 -2.56 -20.45 -0.54 -3.5 0
157 74 40 61 110 66 110 111 29 68 45.06 14.11 40.33 -11.05 -40.91 -50.03 -30.16 0.21 -12.73 -23.93 0.49 -2.37 -20.46 -0.52 -3.26 -22.27 -0.89 -4.06 3
158 62 51 68 99 63 98 115 27 57 51.45 -3.04 25.05 -3.08 -38.33 -38.84 -36.86 2.33 -1.87 -23.41 -1.64 -6.52 -21.62 -1.39 -5.74 -20.49 -1.22 -3.76 2
159 51 28 50 86 45 86 63 22 50 62.15 20.37 43.8 9.59 -20.19 -26.36 14.67 7.52 5.3 -27.2 -3.47 -8.4 -30.45 -2.53 -8.66 -23.76 -0.93 -3.17 0
160 72 77 92 98 98 125 96 39 70 41.46 -28.91 1.47 -2.01 -73.29 -65.54 -17.56 -9.56 -14.62 -22.7 -1.8 -6.67 -20.66 -1.37 -5.89 -20.25 -1.43 -4.22 3
161 46 47 72 81 57 94 88 26 53 63.97 1.39 20.44 14.62 -32.22 -35.23 -13.39 3.47 1.88 -20.1 -0.65 -5.92 -17.73 -0.96 -4.51 -17.3 -0.9 -3.1 2
162 59 67 81 85 81 114 86 38 68 53.11 -18.74 12.34 10.15 -56.22 -54.7 -9.19 -8.43 -12.76 -21.3 -1.83 -6.49 -18.61 -1.32 -5.49 -18.37 -1.65 -4.16 3
163 54 27 50 93 46 86 80 23 53 55.22 21.5 42.8 5.22 -21.1 -27.14 -6.65 6.48 1.87 -15.61 -1.5 -5.8 -12.59 -0.69 -4.42 -12.18 -1.8 -4.45 0
164 49 38 58 100 62 108 106 26 57 70.53 17.42 44.9 0.06 -36.84 -47.72 -24.47 3.29 -1.64 -25.04 -0.83 -3.82 -22.12 -0.86 -3.97 -23.79 -1.6 -4.53 2
165 86 30 57 119 57 104 101 25 62 34.17 26.44 46.83 -17.7 -31.72 -43.39 -17.3 4.11 -6.56 -25.69 -1.18 -4.63 -21.69 -0.95 -3.98 -25.36 -1.36 -4.51 1
166 59 27 51 94 46 87 76 24 54 54.98 21.59 43.47 2.57 -20.98 -26.45 3.47 5.56 1.78 -20.44 -1.91 -5.9 -20.01 -1.26 -5.56 -19.57 -1.7 -5.04 0
167 59 28 51 93 57 98 86 26 59 60.96 28.2 52.66 7.43 -31.79 -37.53 -3.45 3.19 -3.64 -25.47 -0.24 -4.57 -18.6 -0.96 -3.52 -23.25 -1.44 -4.28 0
168 69 72 94 90 79 120 79 43 72 43.71 -22.33 0.06 9.54 -54.27 -60.89 -3.23 -13.67 -17.18 -21.29 -0.48 -4.03 -28.07 -1.29 -6.06 -19.32 -0.67 -3.45 3
169 54 46 73 107 61 107 97 25 52 64.83 7.09 26.61 -5.23 -35.99 -47.02 -16.52 4.26 3.15 -24.22 0.27 -2.29 -25.15 -0.87 -4.29 -23.19 -1.56 -4.28 2
170 58 30 52 91 50 90 68 23 53 55.28 19.94 42.55 8.99 -25.21 -30.79 8.27 6.39 1.89 -22.52 -0.27 -4.55 -33.18 -1.63 -7.13 -19.05 -0.53 -3.21 0
171 85 30 57 117 49 94 93 25 60 28.92 18.69 37.62 -20.88 -23.78 -32.93 -13.08 4.26 -4 -21.87 -2.2 -6.5 -19.5 -1.68 -6.94 -20.61 -1.24 -4.91 1
172 71 29 55 109 47 93 102 25 58 37.6 19 37.6 -6.44 -22 -34.2 -31.39 4.2 -3.4 -17.16 0.25 -5.07 -23.18 -1.03 -4.48 -12.95 -0.73 -3.06 1
173 73 28 53 112 49 93 98 24 60 37.88 20.65 39.71 -16.52 -25.04 -34.47 -25.45 4.18 -6.13 -19.52 0 -2.98 -20.99 -0.39 -5.04 -16.54 0.23 -2.69 1
174 59 29 52 94 57 102 93 26 58 60.47 26.35 50.82 6.11 -31.85 -41.75 -11.48 3.21 -2.7 -26.15 2.23 -1.82 -13.57 0.04 -2.06 -21.93 -1.31 -4.4 0
175 51 32 55 77 45 85 68 24 52 58.24 16.19 37.27 19.92 -20.28 -26.25 6.12 5.46 2.91 -32.24 -2.1 -8.85 -29.88 -2.04 -6.98 -25.53 0.17 -1.84 0
176 86 28 53 123 54 99 108 25 60 34.15 24.67 45.96 -19.36 -29.33 -39.07 -26.6 3.21 -5.91 -25.7 -0.06 -2.75 -27.53 -0.69 -4.67 -23.96 -0.43 -3.09 1
177 54 48 66 87 63 98 123 27 58 57.56 1.35 27.57 12.04 -38.33 -39.11 -48.28 2.17 -3.38 -20.04 -0.61 -4.32 -22.48 -0.85 -4.92 -17.98 -0.31 -2.84 2
178 92 30 57 121 48 95 101 24 60 27.79 18.25 37.38 -18.9 -23.19 -34.44 -12.53 7.72 -1.44 -25.49 -1.46 -5.92 -20.99 -0.98 -5.94 -26.05 -3.18 -7.15 1
179 53 40 60 101 59 102 97 25 54 64.25 12.01 38.11 1.42 -34.09 -42.35 -17.37 4.26 1.04 -23.67 -0.48 -4.12 -27.76 -1.14 -5.03 -23 -1.45 -4.09 2
180 66 28 52 98 47 88 83 25 57 51.09 20.24 42.22 0.63 -22.18 -27.75 -0.59 5.46 -0.29 -17.52 -1.06 -5.42 -9.42 -0.38 -4.25 -12.75 -1.27 -4.55 0
181 65 28 52 93 49 90 74 24 56 46.96 21.66 42.08 6.71 -24.22 -31.02 1.5 5.36 -1.17 -20.99 -0.98 -4.89 -21.32 -0.74 -4.57 -17.49 0.37 -1.98 0
182 83 29 54 120 51 95 108 25 61 36.19 21 42 -14.86 -26.2 -35.4 -24.68 4.21 -5.81 -27.05 -0.83 -5.72 -30.5 -1.17 -5.8 -26.93 -1.03 -4.09 1
183 56 26 50 94 50 87 83 24 54 53.57 21.97 43.47 2 -25.22 -27.11 -8.04 5.69 1.43 -12.99 0.23 -5.97 -14.35 -0.55 -5.4 -14.51 -2.68 -5.15 0
184 82 30 56 113 48 94 98 24 60 29.68 18.15 38.23 -17.56 -23.01 -33.02 -20.34 6.01 -3.83 -17.85 -0.83 -6.74 -15.41 -1.11 -6.7 -17.78 -2.53 -5.31 1
185 56 26 51 96 55 99 72 22 54 63.07 28.12 50.19 5.71 -29.87 -38.94 9.31 7.35 1.33 -22.55 1.43 -2.64 -27.76 -2.02 -5.59 -25.3 -3.26 -5.95 0
186 58 62 86 85 61 93 88 24 53 45.29 -14.57 5.06 11.38 -36.43 -34.66 -18.39 5.31 1.53 -9.95 -0.19 -3.63 -16.56 -0.73 -4.12 -10.08 -1.78 -3.64 2
187 55 58 76 89 84 118 83 36 69 62.31 -5.84 22.37 13.68 -59.12 -58.43 -2.94 -6.73 -13.94 -23.2 -0.1 -3.45 -27.1 -1 -4.68 -22.83 -1.41 -4.02 3
188 65 28 53 100 47 90 98 25 58 35.74 19.29 37.57 -2.93 -22.56 -32.41 -33.15 3.9 -4.47 -7.81 -0.18 -3.18 -17.45 -0.65 -3.4 -5.43 -1.22 -2.56 1
189 62 28 51 96 46 89 87 24 56 45.26 19.6 39.9 -0.36 -21.47 -30.92 -14.43 5.45 -1.11 -12.49 -0.84 -3.09 -4.75 -0.13 -2.29 -11.45 -1.57 -4.16 0
190 56 27 51 93 60 101 71 24 55 62.77 27.03 50.2 6.91 -34.9 -40.95 9.68 5.23 0.24 -23.82 2.07 -1 -35.11 -2.05 -6.94 -28.6 -2.97 -5.27 0
191 58 25 48 98 46 89 73 22 53 55.25 25.26 47 3.64 -21.21 -29.95 3.52 7.18 1.73 -14.78 -3.71 -5.5 -20.27 -1.61 -5.54 -14.66 -2.17 -4.37 0
192 82 29 54 119 50 98 105 25 59 34.9 23.4 45 -15.9 -25.4 -38.8 -24.31 4.1 -4.1 -23.78 -1.23 -6.22 -28.14 -0.99 -5.08 -24.09 -1.2 -3.95 1
193 55 61 90 75 55 91 84 24 54 57.14 -13.14 2.87 20.93 -30.36 -31.88 -6.73 5.47 1.28 -20.84 -1.47 -5.72 -18.73 -1.18 -5.22 -17.81 -1.28 -3.87 2
194 66 69 93 90 63 100 99 25 57 45.97 -20.93 0.18 6.34 -38.24 -40.56 -21.73 4.74 -1.5 -19.64 -1.45 -5.6 -17.03 -1.08 -5.15 -16.77 -1.46 -4.03 2
195 79 30 55 115 51 96 109 25 59 35.4 22.19 41.2 -3.31 -25.44 -36.8 -28.94 5.27 -3.66 -22.4 -3.91 -6.61 -36.29 -2.13 -5.77 -23.32 -2.09 -4.13 1
196 69 27 53 106 47 90 87 24 55 35.81 19.86 36.67 -18.69 -23.24 -33.71 -18.59 4.87 -0.88 -13.32 0.16 -2.39 -7.12 0.02 -2.06 -10.04 -0.74 -2.88 1
197 80 29 55 116 50 95 102 25 59 34.08 21.8 40.86 -14.76 -24.92 -35.71 -24.53 4 -4.19 -21.98 -2.12 -6.03 -26.08 -1.67 -5.82 -20.91 -0.9 -3.7 1
198 67 51 68 115 69 111 136 31 67 47.7 -0.27 29.16 -16.32 -42.93 -49.01 -58.09 0.71 -9.17 -18.27 -1.8 -6.32 -20.88 -1.63 -6.13 -22.56 -5.53 -8.11 2
199 67 28 51 99 50 97 82 26 59 47.93 23.77 47.98 1.76 -23.88 -34.41 -2.89 4.32 -2.25 -20.13 -2.11 -6.35 -21.94 -1.22 -6.13 -22.2 -3.41 -6.57 0
200 63 26 50 95 49 91 81 26 57 53.09 25.72 48.33 7.16 -22.89 -28.4 -0.69 4.16 -0.44 -17.64 -1.81 -4.7 -19.39 -0.65 -5.01 -20.89 -3.96 -6.85 0
201 63 42 63 97 66 108 111 28 59 52.41 9.76 35.69 4.44 -39.89 -45.42 -31.33 2.24 -2.34 -20.2 -1.89 -5.47 -21.65 -0.99 -5.71 -22.19 -3.41 -6.52 2
202 46 27 50 83 51 90 76 26 56 68.54 24.27 48.21 16.37 -24.89 -27.66 2.19 4.93 1.25 -18.62 -2.17 -7.11 -21.12 -1.56 -6.35 -22.19 -4.45 -7.32 0
203 59 59 84 93 70 104 92 29 58 55.56 -8.33 13.12 4.98 -43.96 -42.1 -14.52 3.15 0.23 -17.16 -1.98 -6.48 -20.86 -1.79 -6.25 -23.44 -6.5 -8.93 2
204 83 28 54 117 51 96 105 27 64 37.09 23.43 44.29 -13.74 -24.47 -32.18 -21.78 1.66 -9.18 -26.14 -1.87 -5.87 -34.63 -1.83 -7.97 -29.34 -2 -5.03 1
205 63 37 58 95 58 101 89 27 62 53.03 14.78 40.38 7.34 -31.89 -38.4 -8.63 3.14 -5.46 -21.14 -1.74 -4.98 -22.2 -0.93 -5.59 -22.39 -3.26 -6.37 3
206 77 29 52 103 51 93 87 27 59 37.41 21.81 45.28 -5.06 -25.05 -31.18 -9.42 4.8 -1.07 -16.86 -2.31 -6.72 -20.25 -1.77 -6.29 -23 -6.11 -8.57 0
207 57 44 65 107 59 104 98 26 59 57.65 7.98 34.59 -6.23 -32.86 -41.26 -19.02 4.11 -2.38 -20.4 -2.18 -6.74 -21.67 -1.21 -6.24 -21.76 -3.06 -6.32 2
208 65 29 52 101 51 95 89 28 62 50.97 23.02 46.13 2.81 -24.91 -32.51 -8.62 2.54 -5.19 -21.7 -1.94 -4.79 -25.24 -0.99 -5.64 -23.16 -3.48 -6.54 0
209 53 55 76 99 86 121 104 41 78 60.31 -2.77 24.94 -0.5 -59.73 -57.76 -26.87 -11.18 -21.45 -18.4 -2.85 -9.25 -19.52 -1.56 -7.08 -20.07 -2.78 -6.22 3
210 45 36 60 97 57 102 83 28 56 70.69 15.17 37.74 3.06 -30.82 -39.28 -5.14 1.07 -0.69 -22.01 -1.58 -5.35 -26.67 -1.2 -5.89 -22.04 -1.73 -4.68 2
211 81 27 52 112 51 94 95 26 60 33.48 24.02 45.57 -12.84 -24.82 -31.35 -18.31 3.06 -4.71 -20.9 -1.64 -5.95 -27.18 -1.32 -5.96 -21.38 -1.73 -4.47 0
212 59 64 83 94 82 119 112 36 70 54.67 -12.05 17.15 4.66 -55.85 -56.2 -34.54 -5.47 -12.91 -18.4 -2.78 -9.06 -20.08 -1.56 -6.82 -21.01 -3.72 -6.91 3
213 58 33 54 95 51 95 81 27 58 58.38 18.95 44.05 9.1 -24.89 -32.42 -0.29 3.48 -1.27 -22.3 -1.93 -4.77 -26.49 -1.01 -5.77 -23.96 -3.26 -6.42 0
214 50 51 80 100 79 112 75 38 67 64.12 0.59 19.06 -1.02 -52.93 -49.57 2.84 -7.07 -9.66 -18.48 -2.58 -8.27 -20.69 -1.57 -6.57 -21.88 -4.35 -7.32 3
215 36 35 56 90 61 105 63 23 53 82.41 16.46 42.18 12.72 -34.79 -41.83 17.88 6.09 2.32 -24.37 -1.6 -4.84 -28.5 -1.14 -6.4 -24.61 -1.56 -4.98 2
216 56 31 54 94 54 95 95 27 58 59.09 20.09 43.63 5.62 -27.83 -32.35 -17.71 2.07 -2.7 -21.3 -1.62 -5.52 -26.76 -1.22 -5.86 -21.67 -1.73 -4.6 0
217 40 38 56 97 60 101 66 29 60 72.39 12.85 41.51 0.16 -33.78 -38.32 8.39 -0.01 -4.89 -18.47 -1.54 -6.36 -25.25 -1.36 -5.89 -18.89 -1.68 -4.09 3
218 75 77 97 114 78 120 129 37 77 35.8 -26.17 0.7 -18.62 -51.57 -56.88 -56.98 -8.09 -21.96 -16.83 -1.03 -4.35 -21.66 -1.13 -5.38 -15.17 -0.82 -3.49 3
219 50 34 56 98 55 99 84 25 55 68.27 17.41 42.13 4.33 -28.81 -35.9 -3.5 4.04 0.25 -24.69 -1.86 -5.51 -29.81 -1.33 -6.79 -25.22 -1.95 -5.12 2
220 31 26 47 90 52 94 53 22 48 86.08 25.75 51.01 13.74 -25.95 -31.4 27.52 8.09 8.28 -24.26 -1.74 -4.66 -28.43 -0.98 -5.94 -24.63 -2.51 -5.83 2
221 63 30 53 99 52 93 88 27 59 50.93 20.92 44.43 -0.67 -25.9 -30.58 -11.97 2.02 -3.85 -20.23 -1.73 -6.41 -26.94 -1.38 -5.96 -20.99 -1.87 -4.38 0
222 47 26 49 85 50 91 70 23 52 67.88 26.06 49.97 16.87 -23.97 -28.62 9.23 7.69 5.07 -21.14 -2.08 -5.84 -22.43 -1.07 -5.8 -21.63 -3.56 -6.7 0
223 48 26 49 87 48 90 59 24 54 63.58 24.8 48.65 8.9 -21.68 -27.11 13.98 4.91 1.05 -17.42 -1.22 -5.41 -22.62 -1.23 -5.57 -16.49 -1.21 -3.75 0
224 68 29 54 112 48 94 89 25 56 48.57 22.75 43.9 -8.56 -22.01 -31.55 -8.86 4.84 0.05 -22.65 -1.79 -4.73 -27.02 -0.99 -5.82 -23.26 -2.29 -5.41 2
225 55 36 56 86 57 95 92 27 57 59.28 15.23 41.75 12.74 -31.12 -33.18 -13.92 4.18 0.45 -19.38 -2.67 -7.67 -20.38 -1.63 -6.53 -21.17 -4.17 -6.88 2
226 57 30 52 101 55 94 96 25 58 59.9 21.34 45.95 0.33 -28.81 -31.12 -16.72 4.11 -2.64 -21.94 -1.73 -5.31 -26.42 -1.3 -6.21 -22.31 -1.81 -4.75 0
227 48 40 60 108 58 105 95 28 61 61.09 10.87 37.75 -14.22 -31.42 -41.48 -26.87 0.64 -6.41 -14.84 -0.73 -3.3 -18.61 -0.97 -5.15 -10.2 -0.11 -2.66 2
228 49 26 50 83 59 96 66 24 57 63.24 24.8 47.48 13.93 -32.8 -33.37 8.1 4.94 -1.94 -18.07 -1.4 -6.21 -24.73 -1.35 -5.79 -18.14 -1.58 -3.95 0
229 60 69 89 100 82 123 73 50 78 50.55 -18.2 8.7 -5.87 -55.34 -59.6 -1.19 -21.03 -22.78 -18.52 -0.14 -3.12 -19.53 -0.43 -4.16 -14.48 0.44 -2.81 3
230 54 28 50 102 50 93 77 24 56 61.78 23.99 47.94 1.24 -24.02 -30.79 3.24 6.78 1.08 -22.39 -1.83 -4.63 -23.57 -0.91 -5.43 -22.5 -3.59 -6.67 0
231 45 26 48 86 52 94 66 25 54 71.11 25.86 49.84 17.65 -26.05 -31.7 14.02 4.97 2.19 -22.11 -1.87 -4.85 -26.42 -1 -5.74 -22.79 -2.49 -5.48 0
232 62 54 79 105 70 109 118 30 66 54.04 -2.05 18.81 -1.44 -44.01 -46.75 -37.49 0.75 -8.95 -22.56 -1.87 -4.62 -24.41 -0.92 -5.51 -23.07 -3.51 -6.63 2
233 60 56 75 85 73 103 102 27 58 53.28 -3.83 25.48 14.03 -46.91 -40.26 -24.79 3.47 -0.98 -18.58 -3.09 -9.73 -19.17 -1.52 -6.89 -19.34 -3.11 -6.4 2
234 64 48 65 111 64 107 103 30 64 51.66 3.16 32.62 -10.69 -37.9 -44.47 -25 -0.92 -8.68 -21.26 -1.69 -5.22 -25.13 -1.15 -5.78 -21.16 -1.72 -4.68 2
235 42 39 60 88 64 104 92 26 54 74.78 12.68 38.04 16.34 -37.95 -41.27 -11.25 3.76 2.03 -22.88 -1.86 -5.26 -28.53 -1.18 -6.34 -24.11 -2.28 -5.39 2
236 73 28 51 115 51 96 94 25 59 43.72 23.71 47.04 -10.56 -24.95 -33.29 -13.23 4.79 -2.93 -22.8 -1.86 -5.23 -28.35 -1.17 -6.29 -24.01 -2.29 -5.4 1
237 65 72 94 81 93 127 100 84 114 46.36 -21.27 3.67 12.7 -66.13 -63.43 -26.61 -54.74 -58.28 -20.89 0.23 -3.13 -19.97 -0.26 -3.87 -16.75 0.59 -3.09 3
238 43 40 64 91 58 100 90 25 54 73.74 11.41 33.94 11.46 -31.94 -37.25 -10.23 4.19 1.44 -21.42 -1.82 -5.29 -26.62 -1.19 -6.05 -22.3 -1.86 -4.78 2
239 76 29 54 105 49 94 89 25 60 33.89 21.84 43.72 -10.34 -22.53 -30.72 -18.71 3.78 -5.17 -14.42 -0.77 -2.74 -17.65 -0.83 -4.67 -11.17 -0.27 -2.78 0
240 60 57 74 106 80 119 108 34 69 54.83 -4.96 24.47 -4.11 -54.05 -56.87 -28.64 -3.27 -11.93 -21.45 -2.19 -5.88 -23.08 -1.07 -5.81 -22.31 -3.38 -6.52 3
241 64 74 93 109 87 126 128 38 74 49.76 -22.11 6.08 -9.11 -61.06 -63.87 -50.07 -7.14 -16.76 -19.18 -2.91 -8.74 -20.04 -1.41 -6.38 -20.04 -3.43 -6.58 3
242 56 32 54 99 50 95 81 24 57 57.89 18.79 43.24 -0.9 -24.01 -32.84 -5.12 4.98 -1.92 -19.23 -1.39 -5.24 -24.38 -1.15 -5.35 -19.24 -1.55 -4.1 0
243 70 53 72 104 73 112 104 30 64 43.66 -1.71 25.71 -6.16 -47.3 -50.53 -26.41 0.79 -6.99 -19.65 -2.64 -7.99 -18.98 -1.38 -6.19 -19.92 -3.25 -6.07 3
244 59 29 53 98 52 94 85 27 60 54.81 21.75 44.2 -0.05 -26.02 -31.89 -9.25 1.96 -4.93 -19.04 -1.21 -4.96 -23.99 -1.09 -5.18 -18.81 -1.44 -3.96 0
245 42 29 50 83 54 93 70 25 54 72.1 23.03 49.13 17.72 -28.07 -30.82 8.46 5.58 2.94 -20.4 -2.52 -7.88 -21.57 -1.22 -6.19 -21.21 -2.92 -6.13 2
246 78 30 55 112 53 99 104 27 62 36.64 22 43.36 -10.37 -27.11 -37 -24.89 3.68 -5.02 -21.04 -2.41 -6.56 -22.93 -1.15 -5.93 -21.86 -3.14 -6.28 1
247 50 25 48 96 48 92 63 23 52 66.25 26.7 50.06 8.3 -21.95 -29.29 17.55 6.9 4.17 -22.28 -1.86 -5.51 -27.77 -1.22 -6.39 -23.58 -2.38 -5.4 0
248 58 75 110 82 74 108 52 32 58 56.65 -23.93 -12.94 18.52 -48.1 -46.1 25.04 -2.52 -2.44 -20.55 -1.77 -4.72 -25.25 -1.01 -5.3 -20.32 -2.17 -5.06 3
249 76 72 89 118 74 119 117 32 69 36.22 -21.32 8.56 -22.1 -47.76 -56.31 -43.54 -3.1 -13.95 -15.68 -0.58 -2.08 -17.16 -0.53 -3.76 -13.19 -0.31 -2.84 2
250 78 27 54 117 49 95 105 27 61 38.27 24.61 43.85 -13.29 -23.07 -32.56 -24.56 3.1 -4.64 -22.26 -1.75 -5.45 -26.81 -1.11 -6.15 -23.29 -2.53 -5.5 1
251 78 28 53 110 48 92 85 24 58 35.41 22.98 43.2 -11.11 -22.48 -31.27 -7.85 6.72 -1.28 -20.06 -2.42 -7.06 -19.58 -1.17 -5.48 -18.89 -2.84 -5.56 1
252 56 43 63 96 63 101 112 27 59 58.81 8.14 34.09 4.9 -37.11 -39.11 -34.66 2.52 -3.4 -20.38 -1.64 -4.73 -25.56 -0.99 -5.2 -20.36 -2.13 -4.87 2
253 52 28 53 100 48 88 59 23 50 61.43 23.58 44.48 -0.47 -22.34 -26.7 18.43 7.68 6.86 -19.81 -2.4 -7.27 -19.56 -1.11 -5.66 -19.5 -2.74 -5.81 0
254 79 27 54 115 49 95 95 25 59 34.44 24.54 43.21 -15.41 -23.36 -33.79 -17.52 5.7 -2.13 -19.97 -2.34 -7.05 -19.63 -1.1 -5.6 -19.59 -2.68 -5.76 1
255 61 65 88 87 85 124 106 71 110 51.12 -14.22 9.67 7.22 -58.5 -61.09 -32.05 -41.84 -54.52 -18.33 -0.3 -2.58 -19.27 -0.82 -4.3 -15.98 -0.43 -3.28 3
256 67 32 56 102 55 99 96 28 62 45.58 18.7 41.57 -7.05 -28.82 -36.52 -22.38 0.91 -6.93 -15.75 -0.42 -1.83 -15.43 -0.36 -3.23 -12.77 -0.18 -2.61 0
257 70 28 51 104 51 95 88 26 60 44.24 22.43 46.35 -7.11 -25.01 -32.8 -12.61 2.86 -4.96 -18.18 -0.37 -2.69 -20.66 -0.75 -4.25 -16.52 -0.73 -3.2 0
258 63 29 53 99 50 94 85 26 60 51.16 21.9 43.72 0.91 -24.22 -32.46 -8.61 3.42 -4.53 -19.84 -1.37 -4.3 -25.08 -0.95 -4.87 -19.39 -1.94 -4.58 0
259 50 42 62 90 52 95 71 25 55 65.93 9.94 34.94 13.46 -26.25 -33.41 9.46 5.76 1.96 -21.03 -2.39 -5.18 -23.98 -0.99 -5.37 -21.91 -3.04 -5.99 0
260 52 28 53 92 60 103 82 27 57 64.26 23.57 45.15 12.45 -33.93 -40.11 -1.41 2.71 -0.98 -21.41 -1.99 -6.18 -28.83 -1.33 -6.45 -23.28 -2.39 -5.28 0
261 59 30 52 90 54 93 80 26 58 56.58 21.37 45.45 12.77 -28.17 -30.94 -1.3 3.64 -2.27 -21.04 -1.86 -5.61 -27.73 -1.15 -5.74 -21.81 -2.39 -5.07 0
262 71 27 53 109 49 96 95 26 59 43.06 23.47 43.96 -12.22 -23.2 -34.4 -19.8 2.85 -4.05 -19.19 -0.74 -4.01 -22.02 -0.87 -4.6 -17.72 -1.15 -3.69 0
263 56 26 50 91 49 93 81 25 56 58.45 24.4 47.35 6 -23.02 -30.79 -5.41 3.86 -0.95 -18.06 -0.32 -2.39 -20.61 -0.74 -4.18 -16.46 -0.69 -3.1 0
264 55 38 58 89 60 97 102 27 60 59.47 13.99 38.84 13.02 -34.3 -35.7 -23.15 3.84 -3.01 -21.46 -2.58 -6.28 -22.66 -1.13 -5.69 -21.26 -2.69 -5.79 2
265 76 39 64 109 53 101 100 27 62 38.07 11.39 32.96 -12.43 -27.22 -39.42 -24.91 1.82 -7.07 -18.96 -0.55 -3.59 -21.64 -0.82 -4.42 -17.33 -1.02 -3.51 0
266 55 39 62 91 66 102 98 27 57 59.42 13.02 34.67 11.05 -40.32 -40.78 -19.14 3.87 0 -21.73 -2.56 -6.28 -22.73 -1.13 -5.69 -21.47 -2.55 -5.67 2
267 52 27 52 89 50 92 71 25 55 64.34 24.58 45.75 15.05 -24.1 -29.65 9.57 5.16 1.41 -22.15 -1.95 -5.94 -27.31 -1.23 -6.35 -23.15 -2.52 -5.46 0
268 66 29 53 99 51 96 77 26 58 47.11 21.67 44.54 -3.97 -24.89 -33.71 -2.83 2.94 -2.9 -17.43 -0.31 -1.67 -18.49 -0.62 -3.7 -15.05 -0.47 -2.89 0
269 44 43 67 86 57 98 80 25 54 72.36 8.7 29.77 17.5 -31.36 -36.55 0.37 5.43 2.6 -22.04 -2.15 -5.24 -24.9 -0.92 -5.38 -21.8 -2.58 -5.48 2
270 67 68 89 110 82 121 79 51 81 45.55 -17.17 8.68 -15.59 -55.7 -58.5 -4.86 -21.89 -25.65 -18.42 -0.37 -2.39 -19.76 -0.81 -4.15 -16.18 -0.59 -3.24 3
271 52 25 49 94 47 89 68 22 52 64.11 26.53 49.11 10.02 -20.98 -26.21 12.35 7.74 4 -21.5 -1.86 -6.24 -27.82 -1.38 -6.63 -23.17 -2.29 -5.06 0
272 74 27 51 106 46 90 89 25 58 39.07 23.03 43.52 -9.27 -20.74 -30.01 -12.23 5.22 -1.9 -20.16 -2.66 -6.35 -13.86 -0.63 -4.25 -15.68 -2.59 -5.45 1
273 64 28 54 101 51 95 82 25 60 48.99 22.9 41.48 -2.26 -25.57 -34.56 -4.88 5.71 -3.25 -21.1 -1.87 -6.06 -19.71 -1.1 -5.42 -19.6 -2.1 -5 1
274 69 30 55 99 53 97 90 28 61 45.1 20.85 41.31 1.38 -27.48 -36.02 -13.65 1.43 -5.61 -19.72 -1.36 -4.46 -25.95 -0.96 -4.78 -19.52 -2.12 -4.58 0
275 46 25 47 87 48 89 57 23 53 67.78 25.61 50.48 8.25 -22.03 -27 17.71 5.92 2.06 -17.36 -0.08 -0.59 -19.17 -0.63 -3.47 -15.54 -0.56 -2.74 0
276 57 27 50 92 49 92 73 24 57 58.18 23.26 47.24 5.23 -23.21 -30.11 3.28 4.76 -2.06 -19.64 -0.15 -2.3 -22.56 -0.81 -4.39 -18.25 -0.78 -3.2 0
277 48 25 47 92 49 88 63 23 53 65.07 25.11 49.11 3.17 -23.5 -27.34 10.65 5.68 1.68 -18.25 -0.25 -3.01 -20.69 -0.66 -3.75 -16.16 -0.93 -3.29 0
278 51 50 72 78 66 99 94 25 55 62.18 1.24 23.38 21.78 -40.59 -38.6 -16.51 5.6 1.57 -24.11 -0.45 -5.2 -20.46 -0.81 -5.3 -22.36 -0.39 -3.33 2
279 53 33 55 89 56 95 73 26 56 61.59 18.01 41.51 12.32 -30.45 -33.85 4.21 3.55 -0.47 -20.88 -1.59 -5.05 -27.36 -1.09 -5.26 -21.2 -2.43 -5 0
280 69 27 52 106 48 93 84 23 55 47.79 24.44 44.63 -2.16 -22.39 -31.59 -3.38 7.39 1.56 -22.11 -1.71 -5.35 -25.3 -0.81 -5.31 -22.03 -2.4 -5.33 0
281 85 29 55 119 50 96 104 26 60 27.59 20.99 40.69 -24.3 -24.61 -35.72 -30.92 2.63 -5.42 -18 -0.19 -2.98 -20.48 -0.62 -3.56 -15.83 -0.95 -3.27 1
282 60 56 78 84 73 104 102 27 56 54.02 -3.51 18.33 18.03 -47.45 -43.15 -23.16 3.89 0.9 -22.92 -2.17 -6.17 -23.23 -0.96 -5.49 -22.24 -1.37 -4.27 2
283 49 29 51 89 55 94 85 26 56 69.04 22.47 45.53 16.88 -29.39 -32.57 -2.85 4.62 0.77 -23.46 -2.08 -5.53 -26.82 -0.98 -5.53 -23 -2.47 -5.42 0
284 60 29 50 99 49 96 78 24 57 52.15 20.85 45.43 -5.16 -23.71 -36.04 -5.69 4.54 -2.54 -17.31 0.05 -2.47 -19.38 -0.51 -3.16 -14.81 -0.81 -3.04 0
285 51 47 68 92 75 115 99 32 68 61.09 3.22 27.16 5.21 -49.79 -55.32 -25.87 -2.66 -12.89 -17.21 -0.5 -3.01 -22.41 -0.62 -3.28 -15.88 -1.84 -4.02 3
286 48 42 64 81 68 99 98 26 57 64.52 8.08 30.12 16.22 -42.82 -39.29 -21.54 4.29 -0.86 -19.68 -1.36 -5.47 -18.74 -1.01 -4.82 -17.39 -1.7 -4.27 2
287 58 32 56 95 55 98 83 25 57 56.02 18.62 41.45 0.15 -29.15 -36.3 -8.17 3.91 -1.99 -15.97 0.12 0.12 -18.16 -0.56 -2.96 -14.63 -0.53 -2.41 0
288 75 79 98 106 94 131 85 45 79 38.16 -27.95 -0.13 -11.81 -68.08 -69.32 -10.78 -15.96 -23.84 -18.93 -0.55 -2.35 -20.42 -0.68 -3.74 -16.49 -0.75 -3.18 3
289 57 50 67 84 74 104 110 26 57 57.14 5.57 30.85 21.71 -48.24 -42.71 -29.29 5.57 0.44 -19.82 -5.51 -7.5 -25.18 -1.13 -5.51 -21.67 -2.6 -5.2 2
290 54 25 50 104 49 94 83 26 57 61.24 26.23 46.53 -1.13 -23.49 -32.89 -4.45 3.84 -1.16 -19.6 -1.44 -4.43 -26.3 -0.85 -4.76 -20.46 -2.33 -4.84 0
291 64 32 57 95 52 96 78 27 57 49.78 18.7 40.51 -0.05 -26.13 -34.3 -3.35 1.94 -1.96 -17.8 -0.06 -0.85 -19.92 -0.62 -3.38 -15.98 -0.63 -2.79 0
292 55 28 50 92 50 93 70 25 56 59.36 22.25 46.99 4.08 -24.33 -31.6 5.03 3.76 -1.15 -18.8 0.01 -1.88 -21.14 -0.7 -3.87 -16.79 -0.71 -3 0
293 58 43 67 88 60 96 91 26 56 54.27 7.79 27.83 10.81 -34.63 -35.83 -14.11 4.58 0.52 -25.67 0.55 -4.59 -19.55 -0.81 -5.46 -23.61 0.24 -2.61 2
294 60 41 63 87 61 99 96 25 58 55.93 13.19 34.46 19.83 -35.25 -37.57 -14 6.3 -0.72 -21.26 -3.88 -6.51 -26.07 -0.85 -5.15 -22.4 -2.48 -5.17 2
295 60 27 53 97 49 93 83 25 58 56.58 24.3 43.36 6.8 -23.47 -31.85 -2.96 5.43 -1.44 -22.05 -1.67 -5.3 -25.3 -0.7 -5.11 -21.23 -2.23 -5.13 0
296 55 44 62 114 57 102 110 28 62 57.94 6.47 33.44 -15.35 -31.71 -41.98 -35.43 1.54 -6.64 -17.4 -0.8 -3.31 -22.87 -0.72 -3.63 -16.78 -2.03 -4.26 2
297 48 37 64 88 71 103 71 26 54 64.62 12.22 29 6.96 -46.04 -43.96 5.31 3.73 1.44 -19.63 -1.83 -5.1 -17.64 -1.23 -4.91 -16.8 -1.67 -4.18 2
298 66 27 51 113 49 94 91 24 58 49.53 24.21 45.31 -10.85 -23.53 -33.02 -12.12 6.17 -1.77 -20.62 -1.32 -4.15 -24.81 -0.83 -4.88 -20.93 -2.4 -5.07 1
299 80 29 54 113 49 91 98 25 59 32.35 20.73 39.55 -16.82 -23.92 -31.66 -21.87 5.23 -3 -19.19 -1.22 -5.17 -18.32 -1.03 -4.65 -16.81 -1.62 -4.08 1
300 50 31 52 85 48 86 73 24 51 62.35 18.93 41.98 12.27 -22.86 -26.41 3.6 6.39 5.23 -19.6 -1.05 -5.24 -19.52 -1.06 -4.89 -17.84 -1.64 -4.2 2
301 59 28 54 95 51 96 76 26 58 54.67 22.9 43.66 -0.67 -25.29 -34.74 -1.67 2.94 -3.01 -18.83 -0.29 -2.46 -20.54 -0.58 -3.46 -16.38 -0.68 -3.01 0
302 51 28 48 81 47 87 80 25 54 61.61 21.64 45.48 15.88 -21.96 -27.71 -3.37 5.26 1.98 -19.82 -1.08 -5.14 -19.78 -1.06 -4.78 -17.84 -1.68 -4.11 0
303 69 28 52 106 51 94 88 25 58 45.27 23.03 44.04 -4.95 -25.61 -33.58 -11.26 4.97 -2.15 -17.5 -1.32 -3.44 -23.91 -0.87 -4.15 -17.93 -2.33 -4.63 0
304 65 48 68 107 66 107 114 30 63 42.85 0.8 25.27 -22.26 -42.14 -50.81 -50.92 -2.5 -10.24 -15.59 0.86 -2.31 -13.45 0.26 -0.77 -8.33 -0.32 -1.83 2
305 56 63 90 85 87 127 68 51 84 54.06 -13.69 4.16 5.48 -62.22 -68.65 0.92 -22.8 -30.11 -15.67 0.57 -1.82 -16.45 -0.28 -1.99 -11.99 -0.65 -2.61 3
306 56 58 81 69 65 100 109 42 80 56.41 -8.84 11.55 26.51 -40.14 -41.28 -32.79 -11.96 -24.36 -19.27 -0.81 -4.45 -18.37 -0.94 -4.23 -16.77 -1.35 -3.65 3
307 56 25 50 102 50 93 81 24 57 59.25 26.32 46.4 -0.24 -24.49 -32.14 -2.82 6.37 -0.64 -18.15 -1.47 -3.62 -23.26 -0.86 -4.37 -18.61 -2.64 -5.08 0
308 72 84 105 103 100 138 95 61 97 44.48 -32.77 -8.89 0.53 -74.56 -77.17 -14.79 -30.41 -40.33 -21.59 -1.22 -4.98 -24.58 -0.73 -4.88 -21.09 -2.17 -4.82 3
309 42 31 53 91 56 95 76 23 53 68.81 18.72 41.32 3.72 -31.12 -36.33 -4.75 6.08 1.73 -15.81 0.07 -2.67 -19.74 -0.49 -2.65 -13.76 -1.61 -3.48 2
310 49 41 63 95 70 103 115 32 63 63.34 8.25 29.75 0.51 -45.11 -44.19 -38.86 -1.92 -7.3 -19.55 -0.86 -4.63 -18.79 -1 -4.42 -17.2 -1.48 -3.84 2
311 59 36 61 92 50 88 76 24 56 53.35 13.47 32.23 4.07 -25.02 -28.86 0.14 6.23 -0.08 -19.51 -1.03 -5.05 -19.08 -1.07 -4.72 -16.87 -1.66 -4.05 0
312 45 30 51 96 53 96 84 23 55 72.13 21.09 45.25 8.72 -27.51 -35.05 -2.89 7.75 1.88 -22.33 -1.04 -5.18 -25.88 -0.88 -5.16 -22.03 -2.22 -4.94 2
313 64 65 87 109 69 115 102 41 78 49.47 -13.81 10.96 -14.97 -43.31 -53.87 -27.72 -12.01 -22.98 -19.53 -0.64 -2.59 -21.33 -0.66 -3.6 -16.8 -0.83 -3.19 3
314 66 66 84 94 79 116 110 38 77 47.37 -15.3 13.16 -0.35 -53.52 -55.35 -36.46 -9.17 -22.21 -18.47 -0.3 -2.42 -19.5 -0.5 -3.2 -15.56 -0.73 -3.01 3
315 50 36 60 80 54 92 82 24 55 62.41 13.84 34.35 16.81 -28.77 -32.14 -5.67 6.4 1.34 -19.84 -1.19 -6.19 -20.19 -1.32 -5.52 -17.74 -1.9 -4.48 2
316 55 28 52 98 51 97 77 26 57 58.56 23.54 46.35 -4.35 -25.34 -35.99 -2.56 3.02 -1.96 -19.88 -1 -2.72 -20.95 -0.59 -3.48 -17.09 -0.84 -3.22 0
317 76 28 53 110 49 93 93 25 60 39.8 22.06 42.36 -11.23 -23.66 -32.47 -14.77 5.68 -3.22 -22.91 -1 -6.81 -21.3 -1.25 -5.83 -19.38 -2.03 -4.79 1
318 56 57 76 93 72 106 97 25 54 58.26 -5.81 19.56 8.1 -46.68 -45.71 -19.48 5.45 2.34 -18.02 -0.78 -3.08 -21.3 -0.6 -3.95 -18.04 -2.06 -4.4 2
319 79 29 53 106 51 96 93 25 60 33.89 21.71 43.9 -13.02 -25.64 -35.79 -20.14 3.8 -5.29 -17.9 -0.46 -2.47 -18.64 -0.5 -2.99 -14.82 -0.83 -3.03 0
320 59 43 65 88 64 99 103 26 59 56.95 8.22 30.83 13.02 -38.6 -38.36 -24.14 4.83 -2.17 -23.63 -1.62 -6.5 -23.95 -1.09 -5.68 -21.22 -1.93 -4.77 2
321 61 30 53 97 51 98 79 26 60 52.62 21.67 45.48 -3.41 -25.4 -37.15 -4.49 3.02 -4.98 -20.05 -1.08 -2.63 -21.12 -0.57 -3.42 -17.17 -0.84 -3.21 0
322 51 31 52 87 53 94 73 25 56 61.17 19.33 44.09 5.59 -27.78 -34.29 -0.95 3.81 -1.31 -17.21 -0.15 -2.15 -17.83 -0.42 -2.64 -14.28 -0.94 -3.15 0
323 66 29 52 97 49 92 101 27 59 49.29 21.68 43.26 3.12 -23.66 -31.59 -22.69 3.83 -2.19 -22.71 -1.44 -6.43 -23.48 -1.19 -5.76 -20.26 -2.09 -4.83 0
324 35 32 53 95 55 98 70 24 51 78.37 18.87 42.67 4.82 -29.78 -38.17 5.26 6.04 4.84 -12.68 -0.97 -1.91 -17.8 -0.7 -3.07 -12.39 -1.95 -3.89 2
325 57 36 60 86 60 97 89 26 58 57.66 16.27 35.74 17.74 -34.6 -36.65 -10.05 5.25 -0.84 -19.56 -2.23 -4.96 -24.4 -0.86 -4.63 -19.65 -2.56 -5.19 2
326 51 39 60 97 61 103 77 22 52 63.81 12.46 35.66 5.34 -35.63 -42.6 1.38 8.7 4.63 -19.33 -1.21 -4.05 -23.23 -0.73 -4.35 -19.02 -2.19 -4.68 2
327 53 61 81 91 67 109 73 45 76 59.26 -10.43 15.39 1.15 -41.79 -49.34 -1.1 -16.24 -21.42 -17.06 -0.45 -2.56 -17.5 -0.61 -2.94 -14.17 -1.03 -3.2 3
328 39 35 59 93 60 101 71 23 50 74.11 16.02 38.38 0.17 -34.6 -40.72 2.23 5.9 4.8 -18.16 -0.78 -2.94 -18.92 -0.56 -3.1 -15.16 -0.95 -3.15 2
329 57 53 69 105 64 105 114 26 58 56.82 -1.86 27.02 -4.47 -38.71 -44.96 -38.16 4.2 -1.98 -8.99 -1.18 -1.63 -14.03 -0.72 -2.76 -9.13 -1.72 -3.45 2
330 63 30 52 109 52 96 91 24 57 50.49 21.21 43.92 -9.34 -26.72 -36.03 -14.94 6.28 -0.92 -7.76 -1.25 -1.46 -12.07 -0.68 -2.55 -8.5 -1.73 -3.38 0
331 45 27 49 82 50 91 57 24 52 66.34 22.9 46.03 10.3 -25.18 -32.33 13.89 4.59 2.3 -16.17 0.17 -2.41 -16.82 -0.24 -2.19 -12.92 -0.93 -2.91 0
332 53 41 62 106 62 105 80 27 57 60.5 10.74 36.52 -12.72 -36.54 -44.49 -5.64 1.98 -2.08 -19.24 -0.68 -1.89 -20.41 -0.45 -3.17 -15.78 -0.62 -2.92 2
333 51 28 51 80 48 86 71 23 53 60.97 21.27 42.22 15.56 -23.03 -26.8 5.13 7.23 2.95 -17.25 -1.33 -5.44 -19.06 -1.27 -4.91 -15.64 -2.36 -4.56 0
334 107 67 92 141 67 113 111 46 82 4.95 -13.33 3.18 -37.71 -41.69 -53.29 -34.22 -14.19 -24.44 -17.42 -3.84 -5.03 -24.29 -0.86 -4.23 -17.76 -3.01 -5.61 3
335 55 38 61 90 57 96 85 24 56 58.51 14.04 34.28 12.44 -31.59 -35.83 -7.07 7.21 0.99 -18.19 -1.84 -3.91 -23.8 -0.84 -4.33 -18.8 -2.54 -4.98 2
336 42 36 59 83 61 103 63 36 62 71.51 15.83 39.64 10.29 -35.53 -42.5 11.49 -7.01 -7.07 -19.28 -0.59 -1.6 -20.14 -0.36 -3 -15.86 -0.53 -2.8 3
337 47 33 56 90 64 102 89 29 59 67.22 18.47 39.66 11.55 -38.61 -41.71 -11.48 1.79 -2.35 -18.25 -1.04 -3.17 -22.6 -0.8 -4.18 -18.6 -2.38 -4.74 2
338 50 40 62 113 60 106 99 28 59 62.68 10.54 33.79 -16.73 -34.94 -46.61 -25.81 1.52 -3.72 -15.17 -0.53 -2.59 -18.07 -0.64 -3.09 -13.33 -1.74 -3.83 2
339 52 44 73 82 58 94 71 23 51 61.84 6.39 21.46 16.97 -32.77 -34.09 6.26 7.81 5.69 -20.65 -1.15 -5.53 -22.36 -1.08 -5.16 -18.75 -2.08 -4.75 2
340 64 28 52 102 47 90 84 25 56 49.22 21.94 42.02 -4.7 -21.78 -30.28 -7.6 5.76 0.5 -19.43 -1.11 -5.5 -20.46 -1.26 -5.11 -17.08 -2.23 -4.66 0
341 63 75 95 77 85 123 92 60 97 50.39 -23.08 3.73 16.15 -59.58 -62.62 -17.49 -31.01 -42.09 -19.67 -0.81 -2.29 -20.33 -0.44 -3.08 -16.71 -0.74 -3.04 3
342 53 31 53 94 58 103 76 28 57 60.17 20.9 45.69 -1.1 -32.63 -42.75 -1.69 0.97 -2.14 -19.49 -1.08 -3.3 -20.61 -0.64 -3.33 -16.88 -0.98 -3.26 0
343 59 60 79 83 71 104 94 26 56 50.56 -12.1 11.4 8.49 -46.52 -46.54 -19.49 3.4 -1.19 -15.8 0.02 -2.58 -15.36 -0.83 -3.32 -14.33 -1.03 -3.01 2
344 40 29 51 92 52 96 69 23 53 73.32 22.67 44.69 8.96 -26.53 -35.79 7.71 7.92 3.55 -16.53 -1.02 -2.51 -21.69 -0.88 -4 -17.53 -2.54 -4.69 2
345 32 32 53 84 77 116 61 35 70 82.01 19.24 44.45 11.09 -51.88 -56.35 13.48 -5.89 -15.05 -18.24 -0.89 -3.62 -19.14 -0.57 -3.16 -16.01 -1.36 -3.61 3
346 47 27 50 89 51 95 62 23 51 66.93 24.88 48.54 4.96 -25.74 -34.94 12.2 6.01 3.83 -18.42 -1.26 -3.92 -18.37 -0.56 -3.13 -15.65 -1.09 -3.28 0
347 78 31 58 115 48 92 103 25 59 30.05 16.71 31.91 -24.6 -23.69 -35.01 -29.42 4.36 -4.29 -13.46 0.11 -2.02 -13.76 -0.67 -2.77 -12.71 -1.2 -3.05 1
348 75 31 55 104 53 95 112 27 56 37.46 20.65 39.61 -2.75 -27.66 -35.11 -35.16 4.13 0.81 -17.28 -1.48 -3.45 -22.14 -0.78 -4.09 -17.78 -2.4 -4.87 1
349 63 43 60 96 63 100 109 26 58 50.12 8.39 35.01 4.97 -37.63 -39.91 -32.02 4.72 -1.58 -18.09 -0.79 -2.53 -22.82 -0.77 -4.14 -19.29 -2.21 -4.51 2
350 71 81 100 100 88 122 79 46 74 40.65 -33.14 -9.41 -7.58 -63.42 -64.26 -3.22 -16.68 -19.27 -20.04 0.15 -3.43 -18.04 -0.98 -3.93 -17.06 -0.18 -2.42 3
351 49 37 61 77 60 95 91 26 58 62.33 12.3 32.02 18.66 -34.92 -35.78 -16.39 4.06 -2.34 -16.47 -0.9 -4.78 -18.34 -1.22 -4.67 -13.89 -1.74 -3.94 2
352 66 63 90 101 78 120 94 38 73 46.94 -11.29 6.01 -0.71 -52.56 -59.87 -18.06 -7.37 -16.8 -15.64 -1.1 -2.53 -20.54 -0.86 -3.84 -16.35 -2.31 -4.36 3
353 52 39 61 100 61 103 86 25 54 61.06 12.55 34.26 0.5 -35.59 -42.98 -9.44 5.97 2.61 -17.44 -0.96 -2.61 -22.25 -0.8 -3.97 -18.43 -2.61 -4.91 3
354 70 83 108 86 85 120 97 57 95 43.01 -31.35 -12.51 14.85 -59.53 -59.85 -20.4 -26.03 -38.43 -17.24 -0.92 -2.54 -22.51 -0.87 -4.05 -18.47 -2.64 -4.87 3
355 48 37 59 98 60 108 73 24 55 66.5 15.28 40.19 -3.64 -34.69 -47.88 1.42 5.2 0.02 -18.81 -1.58 -4.69 -18.48 -0.69 -3.5 -15.85 -1.33 -3.58 2
356 79 28 54 117 52 99 93 25 60 34.87 24.16 45.04 -23.75 -26.66 -38.87 -18.61 4.12 -5.03 -18.51 -1.36 -4.23 -18.09 -0.7 -3.27 -15.79 -1.21 -3.39 1
357 53 47 67 82 66 100 83 25 55 58.44 2.25 25.98 13.78 -40.97 -41.06 -8.7 5.02 0.65 -17.88 0.33 -3.27 -19.06 -0.87 -4.05 -15.44 -0.87 -3.46 3
358 58 30 52 90 54 94 73 26 57 55.6 21.93 45.48 8.88 -28.61 -33.79 2.6 4.44 -0.88 -16.53 -1.84 -3.7 -20.41 -0.99 -4.14 -16.17 -2.55 -4.79 0
359 62 38 63 93 57 94 86 26 56 51.12 10.38 28.15 1.68 -32.17 -35.63 -10.54 3.37 -1.25 -17.55 -0.5 -3.52 -17.43 -1.15 -4.1 -13.83 -1.41 -3.2 0
360 50 48 71 86 67 102 89 25 56 61.89 0.72 21.73 9.08 -42.17 -43.52 -14.91 4.68 -0.56 -18.16 0.83 -3.06 -18.24 -0.67 -3.58 -15.04 -0.54 -3.24 2
361 51 27 51 90 51 95 64 24 54 61.7 25 47.78 2.42 -25.73 -35.02 10.16 4.98 0.8 -18.19 -0.99 -4.1 -18.1 -0.67 -3.2 -16.21 -1.18 -3.31 0
362 67 28 51 100 51 97 84 25 58 45.73 23.72 44.85 0.34 -25.55 -36.88 -8.02 5.68 -1.76 -16.82 -1.03 -2.64 -21.82 -0.85 -3.98 -17.82 -2.46 -4.65 0
363 47 28 51 100 52 99 66 24 54 67.72 24.47 48.45 -5.73 -26.79 -39.01 8.84 5.12 0.9 -19.2 -1.61 -4.57 -18.61 -0.61 -3.25 -16.45 -1.23 -3.46 0
364 55 52 68 81 69 100 87 25 54 59.61 -3.73 22.65 14.64 -44.14 -41.7 -11.45 4.28 0.5 -20.13 0.04 -2.56 -18.73 -1.08 -3.9 -15.01 -0.89 -2.68 2
365 80 41 64 104 60 94 119 29 60 32.4 6.56 26.28 -11.15 -35.45 -36.45 -43.27 0.2 -5.47 -19.54 0.37 -2.77 -17.54 -0.98 -3.63 -16.3 -0.66 -2.62 2
366 50 29 53 84 49 91 83 24 56 62.09 22.07 41.4 16.25 -23.65 -31.11 -6.32 6.87 0.48 -17.48 -0.71 -2.54 -22.6 -0.8 -4.17 -19.46 -2.57 -4.99 0
367 68 31 54 106 53 97 94 27 59 47.57 21.87 46.15 -10.86 -27.81 -37.01 -18.39 2.4 -3.84 -19.48 -1.87 -5.15 -18.52 -0.52 -3.22 -16.6 -1.46 -3.65 0
368 45 28 49 91 51 95 66 24 53 71.2 25.69 52.44 6.31 -25.64 -34.63 9.76 6.18 2.89 -20.7 -3.37 -6.83 -21.04 -0.93 -4.24 -17.58 -2.49 -4.84 0
369 53 48 77 100 74 113 103 42 80 57.73 1.4 15.78 -3.69 -48.87 -53.95 -29.08 -12.2 -24.79 -17.14 0.27 -2.61 -19.54 -0.99 -4.16 -14.98 -0.39 -2.91 3
370 51 37 60 99 62 108 89 26 57 63.91 15.7 39.62 -1.41 -36.71 -47.93 -13.37 4.26 -1.07 -18.72 -2.49 -5.21 -19.9 -0.83 -3.96 -16.87 -2.42 -4.76 2
371 65 27 50 88 47 88 75 23 53 48.37 20.61 40.41 5.43 -22.39 -30.34 1.3 6.16 1.47 -20.45 0.06 -2.97 -18.54 -1.13 -3.87 -16.91 -0.8 -2.75 0
372 50 27 51 94 50 96 67 24 56 60.03 24.64 47.39 -5.19 -25 -36.52 5.18 4.55 -1.88 -21.23 -1.06 -5.39 -21.04 -0.86 -3.93 -20 -1.73 -3.66 0
373 73 27 54 111 51 98 92 25 60 38.68 24.87 44.61 -19.53 -25.83 -38.23 -18.13 3.83 -5.41 -23.3 -1.45 -5.6 -24.76 -1.08 -4.35 -22.29 -2.03 -4.17 1
374 46 44 70 82 55 96 84 24 54 64.99 6.39 23.6 16.51 -29.7 -36.52 -8.23 6.61 2.1 -16.86 -0.23 -2.63 -21.53 -0.91 -4.12 -18.31 -1.71 -4.33 2
375 58 32 56 98 58 101 88 24 58 59.06 22.05 46.54 -1.15 -32.53 -40.3 -11.73 5.98 -2.27 -21.34 -3.48 -7.54 -20.11 -0.96 -4.43 -17.74 -2.19 -4.58 0
376 53 39 60 101 59 109 97 26 58 58.52 12.84 38.56 -9.5 -33.92 -49.36 -22.9 2.79 -3.47 -22.87 -1.24 -5.55 -24 -0.94 -4.1 -22.13 -1.98 -4.09 2
377 49 38 62 82 56 93 73 25 54 60.34 12.06 30.99 12.69 -30.82 -34.21 1.42 5.12 1.48 -15.94 0.66 -1.46 -17.04 -0.6 -3.09 -15.98 0.32 -2.64 2
378 66 67 106 94 61 93 47 23 49 43.5 -16.9 -12.88 1.53 -35.83 -34.06 27.47 7.34 6.76 -16.42 0.1 -2.22 -19.01 -0.75 -3.64 -17.55 -1.09 -3.94 3
379 47 38 62 90 70 103 100 28 58 62.73 12.13 31.02 5.23 -44.8 -44.07 -25.67 2.09 -2.6 -16 0.52 -1.02 -17.7 -0.67 -3.28 -15.66 0.32 -2.64 2
380 50 30 54 88 51 93 61 22 50 61.86 21.41 41.09 11.39 -25.61 -33.16 14.53 8.94 6.39 -17.5 -0.81 -2.66 -21.96 -0.76 -4.03 -19.09 -3.08 -5.35 0
381 61 46 66 121 63 112 105 27 59 54.92 7.09 34.42 -25.47 -37.79 -51.94 -28.58 2.42 -3.78 -20.1 -1.75 -4.94 -18.8 -0.6 -3.24 -17.59 -1.48 -3.76 2
382 49 43 64 116 58 107 102 27 59 67.7 10.68 37.59 -19.77 -32.65 -46.62 -25.41 2.71 -3.49 -21.15 -2.37 -6.25 -19.36 -0.73 -3.82 -17.79 -1.78 -4.21 2
383 54 29 54 81 51 89 66 21 51 59.33 19 36.77 13.11 -26.28 -31.07 10.12 8.24 3.5 -20.25 0.02 -2.76 -18.52 -1.11 -3.88 -16.84 -0.83 -2.78 1
384 56 44 64 117 64 114 107 27 59 59.8 9 36.23 -21.56 -38.81 -53.99 -30.52 2.37 -3.83 -20.22 -1.32 -4.54 -18.79 -0.6 -3.21 -17.51 -1.44 -3.67 2
385 59 51 96 86 80 131 67 53 98 53.73 -2.59 -4.84 8.2 -55.19 -72.86 8.68 -23.65 -43.41 -19.7 -0.01 -2.57 -18.22 -1.06 -3.86 -16.62 -0.71 -2.74 3
386 50 43 65 96 65 108 105 28 61 64.4 9.48 33.69 2.88 -39.65 -47.91 -28.99 2.53 -4.9 -18.74 -1.76 -4.31 -20.83 -0.74 -3.86 -17.65 -2.38 -4.63 2
387 48 25 49 93 50 94 67 24 53 69.83 29.74 54.66 4.36 -24.37 -33 10.01 6.23 3.04 -22.25 -3.88 -8.38 -20.58 -1.2 -4.84 -18.58 -2.49 -4.93 0
388 73 79 123 98 89 115 68 44 73 37.23 -28.55 -29.46 -0.48 -63.73 -55.61 7.07 -13.58 -17.13 -16.97 -0.25 -2.76 -21.49 -0.95 -4.28 -18.71 -1.98 -4.38 3
389 64 31 54 98 51 94 91 25 56 43.06 22.67 40.88 -2.99 -25.18 -34.07 -17.03 5.65 -0.63 -12.88 0.09 1.04 -14.27 -0.24 -2.35 -15.4 2.58 -0.59 0
390 43 26 47 81 48 91 50 22 49 74.81 29.25 57.55 17.92 -22.3 -29.76 26.42 8.86 7.52 -20.72 -4.55 -8.48 -19.77 -1.02 -4.43 -16.05 -2.79 -5.15 0
391 85 29 55 118 47 92 93 25 59 28.78 17.71 34.96 -27.19 -22.83 -35.61 -16.27 3.31 -5.55 -17.95 -0.45 -3.14 -14.54 -1.01 -3.28 -16.77 -1.85 -3.27 1
392 54 43 65 111 61 109 89 26 54 65.3 13.12 41.04 -11.75 -34.85 -46.92 -11.54 5.32 3.08 -22.19 -5.43 -10.12 -20.17 -1.55 -5.56 -17.5 -3.39 -5.73 2
393 63 57 75 122 88 124 98 40 71 52.52 -4.31 24.51 -26.93 -62.94 -64.3 -21.08 -10.87 -16.05 -21.6 -0.5 -3.5 -20.17 -0.56 -3.17 -19.6 -1.33 -3.78 3
394 81 29 53 114 53 98 102 26 61 34.36 24.74 48.26 -16.33 -27.57 -37.65 -26.2 4.55 -4.95 -18.8 -3.12 -5.42 -19.01 -0.8 -3.72 -15.86 -2.44 -4.73 1
395 54 30 51 94 52 92 80 23 54 56.17 20.66 42.95 3.65 -26.72 -32.6 -5.85 7.58 1.91 -17.88 -0.74 -4.28 -23.56 -1.21 -4.82 -19.3 -2.99 -4.94 0
396 34 32 51 93 61 106 81 25 55 78.86 19.83 46.08 5.19 -35.77 -46.24 -6.15 5.34 0.79 -18.53 -1.25 -4.02 -21.63 -0.78 -4.07 -18.26 -2.42 -4.67 2
397 74 34 56 104 57 96 115 28 63 32.22 19.97 38.94 -8.61 -31.07 -35.91 -42.15 2.79 -7.72 -12.23 -1.47 -0.13 -15.57 -0.77 -3.3 -14.59 1.2 -1.49 0
398 52 29 51 80 51 89 75 24 54 55.11 21.38 41.84 15.39 -25.8 -30.18 -2.53 6.3 1.43 -14.55 -0.14 -1.9 -19.64 -0.89 -3.8 -16.24 -1.12 -3.66 0
399 64 57 75 86 73 103 88 23 51 49.32 -9.23 15.68 7.22 -48.35 -45.33 -11.6 6.12 3.38 -20.47 -0.22 -3.33 -17.54 -1.27 -3.9 -16.93 -1.21 -2.93 2
400 52 54 78 76 63 95 78 25 52 61.16 -6.66 12.42 16.5 -38.52 -37.6 -1.27 3.92 2.22 -22.12 -0.65 -4.8 -19.52 -1.39 -4.35 -18.71 -1.09 -2.93 2
401 54 31 56 87 49 87 67 23 50 54.58 20.64 37.66 8.15 -23.66 -27.9 6.9 7.21 5.14 -15.34 -0.9 -2.11 -16.51 -0.79 -3.46 -15.92 -0.19 -2.53 0
402 48 29 52 86 56 100 61 23 54 67.62 23.65 47.36 9 -31 -40.42 16.15 6.02 0.85 -21.44 -0.05 -3.06 -20.11 -0.51 -3.04 -19.82 -1.25 -3.7 0
403 59 32 54 92 52 95 83 27 61 52.88 19.12 41.42 6.97 -26.73 -35.25 -7.9 3.38 -5.15 -18.82 -0.89 -4.63 -24.57 -1.04 -4.84 -19.84 -2.92 -5.05 0
404 55 65 97 81 66 98 75 26 54 58.05 -17.09 -6.19 12.44 -41.34 -40.25 1.5 3.27 0.52 -20.45 -0.24 -3.34 -17.83 -1.22 -3.9 -17.33 -1.24 -3.01 2
405 48 26 50 89 51 95 60 23 54 68.72 26.98 49.88 6.99 -25.92 -35.26 17.74 6.24 1.11 -23.01 -0.39 -3.31 -21.36 -0.68 -3.52 -20.71 -1.44 -4.11 0
406 50 30 52 82 52 90 90 25 55 59.76 20.61 41.79 15.36 -26.76 -30.71 -16.15 5.48 0.74 -18.1 -0.53 -3.63 -23.06 -1.09 -4.63 -19.14 -2.36 -4.51 0
407 46 27 49 87 47 88 70 23 51 59.62 23.48 43.65 7.29 -21.83 -29.37 1.15 7.28 4.24 -12.78 0.04 -1.25 -17.42 -0.77 -3.34 -14.21 -0.64 -3.11 0
408 81 90 110 124 73 116 124 37 75 32.29 -42.83 -19.71 -31.79 -48.57 -58.85 -47.39 -8.21 -20.96 -20.37 -0.16 -3.3 -16.84 -1.3 -3.71 -16.67 -1.21 -2.78 3
409 59 72 98 91 85 125 118 47 87 52.8 -23.45 -6.63 2.72 -60.19 -66.95 -42.63 -17.62 -32.43 -19.91 -0.35 -3.3 -17.8 -1.12 -3.94 -17.2 -1.04 -2.96 3
410 52 44 64 99 57 97 107 27 59 58.72 6.71 30.38 -0.26 -31.77 -37.61 -32.56 3.33 -3.38 -19.49 -1.12 -5.33 -26.51 -1.39 -5.28 -20.93 -3.21 -5.03 2
411 52 46 66 89 59 96 97 26 58 55.68 6.02 27.86 6.08 -33.59 -36.8 -23.63 4.31 -2.82 -14.58 -1.45 -2.54 -16.31 -0.91 -3.62 -15.81 -0.69 -2.82 2
412 33 31 53 106 53 104 64 23 52 85.35 23.79 50.51 -7.83 -27.45 -43.15 14.01 7.23 4.05 -22.43 -2.79 -7.63 -20 -1.07 -4.45 -19.11 -2.43 -4.98 2
413 65 53 74 108 72 116 98 31 62 51.51 -0.12 25.64 -12.28 -47.02 -56.43 -20.08 -2.03 -7.14 -22.82 -0.02 -2.85 -21.02 -0.53 -3.21 -20.91 -1.17 -3.85 2
414 90 32 59 129 52 99 121 27 65 20.36 18.67 35.16 -30.66 -26.77 -39.66 -46.88 3.27 -9.47 -18.66 -0.77 -4.38 -24.76 -1.2 -4.87 -19.8 -2.59 -4.59 1
415 41 27 50 84 51 94 57 23 50 76.18 25.88 49.45 12.21 -26.05 -34.58 21.51 6.05 4.97 -23.07 0.13 -2.19 -20.8 -0.47 -3 -21.05 -1.14 -3.9 0
416 45 40 59 98 55 99 85 26 57 69.52 12.51 39.38 2.46 -29.63 -38.87 -7.9 4.52 -0.97 -20.12 -1.93 -5.19 -23.99 -1.03 -4.6 -20.01 -2.46 -4.7 2
417 49 27 49 87 51 93 74 24 54 70.12 28.63 56.18 12.47 -25.15 -31.46 4.33 6.77 2.59 -23.3 -3.91 -9.61 -21.62 -1.46 -5.37 -19.73 -3.06 -5.61 0
418 46 26 49 89 52 93 65 22 51 70.98 27.67 52.64 10.81 -26.66 -32.52 12.29 8.05 4.72 -21.4 -2.46 -6.66 -22.08 -1 -4.63 -18.7 -2.13 -4.61 0
419 39 24 47 80 47 89 55 22 52 73.37 27.05 48.61 19.42 -21.86 -29.44 20.56 8.23 3.62 -20.36 -0.85 -4.49 -25.63 -1.06 -4.88 -20.96 -2.42 -4.62 0
420 63 35 56 100 51 94 104 26 57 45.23 15.42 37.07 -3.72 -25.86 -35.12 -30.84 3.97 -1.92 -16.85 -0.37 -2.51 -20.64 -0.93 -4.14 -17.73 -0.83 -3.21 0
421 81 29 54 110 48 91 86 24 56 27.43 21.66 39.09 -15.59 -22.88 -32.22 -12.75 5.6 -1.4 -15.47 -1.95 -4.16 -16.55 -1.21 -4.13 -16.36 -2.14 -3.77 1
422 56 30 51 89 51 92 84 24 56 59.29 22.55 47.91 10.77 -25.69 -31.87 -6.4 6.11 -0.33 -20.89 -2.01 -5.27 -23.59 -1.11 -4.76 -20.18 -2.19 -4.57 0
423 44 39 59 109 57 104 96 25 54 74.04 13.92 40.47 -12.03 -32.08 -44.67 -16.7 4.17 1.12 -23.23 0.43 -1.55 -20.38 -0.44 -2.85 -21.19 -1.13 -3.99 2
424 52 30 53 82 53 92 83 24 52 56.07 20.53 40.04 13.6 -27.86 -33.19 -10.05 5.89 2.94 -16.71 -0.43 -2.59 -19.3 -0.92 -3.96 -17.24 -0.71 -3 0
425 66 32 55 91 49 91 82 27 58 46.58 15.75 36.1 2.47 -24.39 -33.09 -5.67 2.1 -3.57 -22.52 -0.82 -5.41 -19.85 -1.27 -4.4 -19.16 -1.02 -2.81 2
426 37 24 47 79 43 84 42 20 45 75.69 23.8 44.4 15.01 -18.4 -25.81 34.66 9.15 9.58 -23.42 -1.59 -5.94 -21.56 -1.5 -5.16 -19.9 -1.2 -3.24 1
427 45 27 51 84 52 94 58 23 51 73.63 27.13 50.95 15.51 -26.62 -33.5 21.74 6.94 4.86 -24.37 -1.65 -5.89 -23.67 -1.12 -4.67 -22.78 -2.33 -5.14 0
428 48 33 54 107 58 104 90 25 55 70.16 21.33 48.76 -6.14 -32.49 -43.12 -11.04 5.24 1.05 -22.49 -2.81 -7.31 -22.78 -1.23 -5.12 -19.92 -2.19 -4.89 2
429 72 67 84 97 70 104 99 30 63 40.65 -19.16 7.5 -2.92 -45.39 -45.75 -22.33 -0.83 -8.38 -23.26 -1.61 -5.93 -21.48 -1.49 -5.2 -19.78 -1.21 -3.28 2
430 53 27 50 96 53 96 68 23 53 65.62 25.94 49.7 1.54 -28.04 -36.6 11.87 6.25 2.25 -23.7 0.6 -1.5 -20.62 -0.45 -2.88 -21.61 -1.11 -4.08 0
431 40 25 50 85 51 93 56 23 51 78.74 29.29 52.31 14.86 -25.58 -32.35 23.75 7.03 4.94 -24.58 -1.98 -6.83 -24.46 -1.24 -4.99 -22.94 -2.49 -5.26 0
432 31 29 50 88 53 95 69 23 50 81 21.5 44.9 11.08 -27.97 -35.53 6.26 7.03 5.4 -19.95 -0.59 -3.93 -24.9 -1.1 -5.16 -20.47 -1.51 -3.99 2
433 39 32 51 94 54 98 76 23 51 72.82 18.37 43.8 4.66 -28.95 -38.5 -1.03 6.72 4.08 -19.93 -0.54 -3.87 -23.99 -1.07 -5.18 -20.14 -1.03 -3.58 2
434 48 26 50 87 49 89 68 22 52 65.26 25.05 45.89 13.14 -23.89 -29.27 8.27 8.09 3.53 -22.79 -1.46 -5.25 -28.93 -1.49 -5.87 -23.35 -2.88 -5.15 0
435 69 69 89 110 73 113 122 38 76 41.71 -20.21 3.25 -14.68 -48.09 -54.37 -47.01 -8.56 -21.23 -20.31 -0.79 -4.5 -19.48 -1.18 -4.49 -18.15 -1.16 -3.32 3
436 54 38 60 109 58 105 101 26 59 63.83 15.53 41.01 -8.21 -32.7 -44.58 -21.81 3.86 -3.32 -23.55 -1.93 -6.21 -25.44 -1.29 -5.24 -21.81 -2.15 -4.83 2
437 55 40 61 91 58 98 100 25 55 54.38 9.66 31.82 4.71 -33.04 -39.34 -26.54 4.38 -0.48 -18.51 -0.3 -3.59 -18.83 -0.85 -4.09 -17.49 -0.56 -2.79 2
438 69 63 84 108 75 112 130 34 72 46.75 -10.83 14.43 -7.79 -49.87 -52.1 -52.11 -4.23 -16.54 -22.29 -0.96 -4.23 -24.74 -1.04 -4.77 -21.29 -1.9 -4.54 2
439 60 69 95 109 67 109 98 31 66 50.8 -20.31 -2.73 -13.65 -42.1 -50.35 -22.93 -1.56 -11.21 -19.89 -0.69 -4.56 -18.45 -1.08 -4.3 -17.46 -1.08 -3.21 2
440 38 37 58 97 62 111 72 24 53 80.01 16.64 43.15 3.67 -36.71 -50.6 7.32 5.82 2.66 -24.94 -2.22 -7.18 -28.68 -1.61 -5.89 -23.87 -2.67 -5.19 2
441 70 29 52 102 54 102 79 25 58 48.54 24.6 48.97 -4.94 -29.04 -42.16 0.68 3.8 -3.2 -23.26 0.33 -1.85 -19.56 -0.41 -3.1 -21.25 -0.57 -3.58 0
442 57 63 85 112 73 115 103 30 65 62.24 -9.68 15.48 -12.97 -47.88 -55.16 -22.28 -0.56 -9.49 -24.62 0.42 -2.06 -22.15 -0.64 -3.42 -22.78 -1.22 -4.37 2
443 49 36 61 87 51 90 65 22 50 61.15 12.94 31.39 8.41 -26.06 -31.31 9.61 7.49 4.8 -19.39 -0.74 -4.41 -18.12 -1.05 -4.26 -17.55 -1.12 -3.29 2
444 51 26 48 90 46 86 61 21 50 58.79 23.1 44.46 5.43 -21.03 -27.3 13.33 8.52 4.8 -18.88 -0.78 -4.29 -17.86 -1.03 -4.21 -17.26 -1.12 -3.29 0
445 43 41 59 93 56 97 93 25 55 67.82 9.14 35.26 5.02 -30.98 -37.77 -18.79 4.7 0.02 -19.5 -0.7 -3.73 -23.05 -1.12 -5.16 -19.28 -0.66 -3.27 2
446 57 26 50 93 53 97 73 23 54 61.85 27.87 51.61 4.28 -27.94 -36.8 6.77 5.76 0.78 -23.46 0.1 -2.32 -19.66 -0.52 -3.42 -21.29 -0.55 -3.57 0
447 41 23 47 81 46 89 45 19 48 76.63 29.9 52.71 20.61 -20.82 -28.79 34.5 10.75 7.56 -23.29 -1.17 -4.49 -25.52 -1.06 -4.9 -22.04 -1.82 -4.62 0
448 66 31 59 90 49 88 81 25 53 46.27 17.16 33.65 5.16 -24.27 -29.12 -4.73 4.35 1.84 -22.68 -2.02 -6.54 -20.56 -1.44 -5.35 -18.85 -1.43 -3.64 0
449 44 38 60 96 60 105 79 25 52 74.99 15.91 41.11 3.3 -34.86 -44.98 1.63 4.42 3.45 -24.43 0 -2.81 -22.21 -0.78 -3.77 -22.94 -1.49 -4.49 2
450 48 25 50 91 48 90 74 23 53 66.56 26.39 46.73 9.18 -22.91 -30.28 3.38 6.76 2.31 -22.59 -1.09 -4.85 -26.44 -1.26 -5.31 -22.39 -2.16 -4.6 0
451 67 78 107 89 64 97 82 26 55 44.32 -29.76 -14.67 5.32 -39.28 -38.4 -6.13 3.43 -0.15 -20.81 -1.81 -5.64 -17.8 -1.29 -4.79 -17.67 -1.68 -3.9 2
452 52 41 64 93 53 94 80 23 53 59.81 9.08 30.49 5.44 -28.09 -34.74 -4.97 6.6 1.99 -20.02 -0.64 -3.47 -23.14 -1.06 -5.31 -19.88 -0.18 -3.01 2
453 60 56 71 94 64 99 100 26 57 51.53 -7.78 21.52 0.44 -39.28 -40.28 -23.91 3.45 -2.09 -21.04 -1.85 -5.78 -17.65 -1.26 -4.78 -17.6 -1.67 -3.9 2
454 54 28 51 93 56 100 80 24 55 64.88 26.03 50.29 6.74 -30.83 -39.83 0.47 5.5 0.47 -24.52 -0.83 -3.99 -23.22 -0.94 -4.3 -23.22 -1.69 -4.55 0
455 35 29 51 74 52 89 60 22 49 74.9 20.49 42.5 23.79 -27.12 -30.07 13.72 7.48 5.8 -18.67 -0.46 -4.44 -21.26 -0.95 -4.79 -17.65 -0.72 -3.14 0
456 62 32 54 92 50 89 84 26 57 50.65 16.27 39.28 3.49 -25.22 -29.74 -7.19 3.43 -1.95 -23.26 -2.3 -7.35 -22.39 -1.65 -6.18 -19.73 -1.28 -3.7 0
457 54 29 51 88 51 91 95 24 55 56.28 20.62 42.67 10.16 -26.12 -32.05 -21.37 5.39 -0.3 -19.03 -0.54 -4.09 -22.24 -1.01 -4.93 -17.81 -0.53 -2.98 0
458 52 33 54 99 61 107 109 26 56 65.94 19.81 45.4 2.72 -35.9 -46.93 -29.2 3.56 -0.61 -24.05 -0.89 -4.48 -26.66 -1.07 -4.94 -23.11 -1.85 -4.58 0
459 57 60 86 87 59 96 103 27 57 56.44 -12.07 6.96 8.86 -34.34 -36.9 -24.91 2.3 -1.91 -23.49 -1.62 -6.5 -21.67 -1.39 -5.7 -20.53 -1.2 -3.72 2
460 49 25 48 90 50 91 77 25 56 64.75 25.67 47.59 10.25 -25.01 -31.36 -0.21 4.67 -0.85 -22.28 -1.2 -4.78 -27.8 -1.34 -5.77 -22.26 -1.91 -4.4 0
461 67 29 53 103 51 96 86 25 55 50.66 23.52 45.89 -1.2 -25.94 -36.02 -6.31 4.5 0.32 -23.96 -0.68 -4.19 -26.91 -1.04 -4.91 -23.21 -1.76 -4.51 1
462 57 31 52 93 51 91 91 23 54 55.22 18.94 42.41 5.77 -26.16 -31.75 -15.74 6.5 0.93 -20.64 -0.52 -3.63 -24.05 -1.04 -5.41 -20.01 -0.29 -3.06 0
463 58 31 55 95 51 92 82 24 58 55.89 19.71 40.67 5.38 -26.01 -32.37 -5.08 5.66 -2.85 -22.08 -1.01 -4.7 -27.66 -1.36 -5.76 -22.23 -1.94 -4.45 0
464 46 29 50 85 51 90 80 24 53 65.98 20.85 44.23 13.72 -26.16 -30.83 -4.89 5.49 1.92 -20.65 -0.64 -3.82 -23.55 -1.02 -5.27 -19.85 -0.44 -3.16 0
465 56 31 53 95 58 99 78 24 56 62.97 23.35 48.64 4.94 -32.86 -38.85 2.69 5.36 -0.64 -24.63 -0.48 -3.43 -23.3 -0.93 -4.18 -23.2 -1.66 -4.51 0
466 53 51 72 91 83 121 66 43 71 65.83 2.88 29.37 7.4 -57.91 -60.89 14.31 -13.96 -15.92 -23.05 0.69 -1.59 -19.88 -0.59 -3.21 -21.78 -0.86 -3.91 3
467 57 31 52 90 52 91 88 25 56 52.54 17.74 40.78 6.95 -27.14 -32.18 -13.78 4.54 -1.1 -18.36 -0.64 -5.42 -17.58 -0.85 -4.35 -16.54 -0.97 -3.23 0
468 62 57 77 93 78 110 98 31 62 51.21 -9.06 16.07 2.77 -53.34 -50.81 -19.89 -1.62 -6.76 -22.91 -1.55 -6.37 -21.02 -1.34 -5.7 -20.22 -1.27 -3.89 2
469 56 31 54 96 55 99 70 23 53 62.44 22.59 46.51 4.61 -29.91 -38.96 10.09 6.36 2.26 -24.15 -0.35 -3.22 -24.26 -0.92 -4.28 -22.99 -1.64 -4.4 0
470 51 27 50 95 55 98 81 25 54 68.44 28.23 52.69 4.96 -29.85 -37.75 0.38 4.3 1.37 -24.94 -0.77 -3.75 -22.2 -0.85 -3.96 -23.67 -1.58 -4.52 0
471 77 27 52 101 57 102 84 25 57 41.96 27.17 49.49 -2.14 -31.91 -41.95 -3.32 4.15 -1.81 -23.86 0.62 -2.15 -20.56 -0.66 -3.45 -22.48 -1.12 -4.13 0
472 58 32 55 101 50 93 73 24 54 51.96 17.02 38.25 -2.39 -25.11 -34 1.09 5.53 0.95 -18.48 -0.39 -4.92 -20.94 -1 -4.87 -17.4 -0.94 -3.39 0
473 61 31 55 96 61 101 96 24 55 57.56 21.94 44.46 5.79 -35.96 -40.99 -15.78 5.37 0.24 -24.36 -0.39 -3.55 -26.17 -1.01 -4.63 -23.42 -1.69 -4.43 0
474 57 32 55 95 52 91 87 23 54 55.41 17.79 39.21 4.16 -27.22 -31.79 -11.56 6.41 0.86 -20.87 -0.93 -3.97 -25.57 -1.23 -5.78 -19.69 -0.76 -3.55 0
475 62 72 103 86 61 97 94 26 56 47.63 -23.46 -10.45 10.44 -36.18 -38.23 -19.76 3.52 -1.13 -19.64 -0.77 -6.01 -18.11 -0.94 -4.48 -17.09 -0.95 -3.14 2
476 60 50 76 87 65 96 98 26 56 53.51 -1.89 17.54 9.1 -40.28 -36.48 -19.48 3.48 -0.56 -22.49 -1.77 -6.56 -20.33 -1.34 -5.86 -20.07 -1.46 -4.3 2
477 57 75 114 73 73 108 59 48 69 52.9 -26.75 -21.58 22.59 -48.25 -49.2 15.64 -18.53 -14.08 -20.56 -0.67 -6.51 -18.14 -1 -4.66 -17.61 -0.84 -3.1 3
478 58 40 65 100 58 100 106 26 57 51.79 8.74 28.06 -1 -33.12 -41.04 -32.17 3.48 -2.08 -18.31 -0.2 -4.85 -21.15 -1 -4.84 -17 -0.91 -3.38 2
479 57 60 81 90 75 113 75 31 60 60.67 -7.73 17.48 12.1 -50.03 -53.18 4.57 -1.68 -4.88 -24.01 -0.66 -4.07 -27.32 -1.15 -5.06 -22.88 -1.54 -4.19 3
480 80 29 55 115 48 96 99 26 62 34.04 19.5 39.33 -18.36 -23.05 -35.68 -19.57 3.67 -6.18 -22.27 -2.08 -6.32 -20.57 -1.46 -6.31 -20.4 -1.65 -4.71 1
481 54 52 71 91 64 97 123 27 60 58.75 -3.72 22.69 5.07 -39.16 -37.3 -45.31 2.7 -4.47 -21.38 -1.74 -6.54 -19 -1.33 -5.81 -18.89 -1.74 -4.44 2
482 76 30 58 116 49 92 106 25 62 36 18.2 35.39 -20.14 -24.21 -32.52 -29.09 4.62 -6.64 -20.75 -1.62 -6.37 -18.68 -1.27 -5.61 -18.26 -1.69 -4.29 1
483 41 39 63 78 58 94 84 25 55 69.24 9.08 29.67 17.57 -33.26 -34.97 -8.74 4.53 0.1 -19.76 -1.32 -6.27 -18.11 -1.17 -5.17 -17.3 -1.46 -3.89 2
484 75 28 54 115 56 101 80 23 55 44.77 27.91 49.4 -14.81 -30.82 -40.62 2.03 6.21 0.34 -25.22 -0.21 -3.72 -19.57 -0.74 -3.54 -23.4 -1.48 -4.43 1
485 82 30 54 120 52 95 104 24 58 37.52 22.64 44.94 -17.32 -27.17 -35.11 -23.32 4.9 -3.25 -25.16 -0.25 -3.25 -26.71 -0.86 -4.7 -23.27 -1.07 -3.72 1
486 40 33 58 72 56 92 63 22 50 69.96 15.72 35.07 27.19 -31.14 -33.07 10.97 7.45 4.91 -18.57 -0.31 -4.57 -21.21 -1.02 -4.84 -17.04 -0.88 -3.33 2
487 77 28 52 115 56 103 104 24 59 41.91 24.98 47.42 -13.08 -31.03 -43.06 -23.46 5.18 -3.93 -24.27 0.73 -1.55 -25.64 -0.92 -4.36 -23.21 -1.58 -4.21 1
488 73 29 50 101 47 90 82 24 56 36.07 19.05 42.34 -5.12 -22.29 -31.15 -7.65 5.55 -0.94 -19.43 -1.25 -6.64 -18.51 -1.17 -5.08 -16.98 -1.26 -3.69 1
489 61 62 84 90 62 98 98 25 54 53.5 -13.71 10 7.1 -37.15 -37.99 -18.34 4.94 1.97 -21.76 -1.7 -6.04 -18.53 -1.23 -5.83 -19.2 -1.68 -4.73 3
490 49 29 52 84 51 92 61 23 52 67.59 22.53 45.39 18.97 -26.06 -32.39 18.38 6.4 3.15 -23.43 -0.49 -4.61 -29.02 -1.22 -5.29 -23.05 -1.58 -4.22 0
491 61 29 54 96 59 103 84 26 60 57.85 25.22 47.51 3.34 -33.89 -42.94 -3.33 3.19 -4.78 -23.97 0.81 -2 -22.35 -0.9 -3.96 -23.29 -1.65 -4.45 0
492 78 29 55 114 49 91 95 24 58 33.68 20.13 38.24 -15.21 -24.47 -32.18 -20.28 5.01 -3.48 -19.88 -0.22 -3.78 -22.41 -0.74 -4.91 -17.94 -0.3 -2.83 1
493 66 36 61 92 50 90 77 23 54 43.84 12.65 32.01 7.17 -25.14 -31.08 -3.1 6.46 0.92 -18.06 -0.28 -4.62 -20.05 -0.94 -4.64 -16.13 -0.81 -3.22 0
494 63 27 51 101 48 90 87 24 57 48.84 22.27 42.43 -1.92 -23.41 -31.14 -12.06 5.07 -2.43 -19.99 -0.4 -4.02 -22.49 -0.79 -4.93 -18.05 -0.34 -2.86 0
495 50 26 49 90 52 94 64 22 51 68.84 26.92 50.33 11.97 -27.04 -34.08 16.5 7.17 4.05 -24.18 0.84 -1.36 -25.82 -0.93 -4.39 -23.25 -1.61 -4.22 0
496 60 26 49 100 55 98 70 22 52 59.18 28.71 53.06 0.11 -29.88 -37.85 11.12 7.22 3.27 -24.04 0.98 -2.17 -21.52 -0.91 -3.92 -23.26 -1.94 -4.69 0
497 57 61 87 81 49 86 61 23 50 51.44 -12.97 4.88 15.01 -24.33 -27.45 12.62 6.48 4.96 -20.99 -1.24 -7.24 -19.81 -1.21 -5.07 -18.03 -0.73 -3.24 2
498 63 34 60 90 49 91 81 25 58 45.97 14.31 32.36 6.9 -24.25 -32.34 -7.32 4.47 -3.08 -19.3 -1.34 -6.26 -18.81 -1.13 -4.85 -16.65 -1.04 -3.47 0
499 45 27 50 83 48 83 70 24 53 64.3 20.9 42.95 13.04 -23.28 -23.55 4.91 5.63 2.32 -16.33 -0.71 -5.57 -16.64 -0.92 -5.29 -15.62 -2.06 -4.4 0
500 76 28 53 115 52 97 99 24 59 43.37 24.64 45.94 -12.39 -27.16 -37.13 -18.36 4.94 -4.21 -24.91 0.02 -2.62 -26.53 -0.87 -4.64 -23.23 -1.18 -3.8 1
501 72 28 54 107 50 91 92 24 55 40.54 21.66 40.01 -7.05 -25.31 -32.04 -16.3 5.16 -0.35 -20.64 -1.32 -4.61 -24.22 -1.12 -5.4 -18.87 -0.82 -3.42 1
502 48 33 57 93 54 95 94 25 54 65.83 17.21 37.9 8.69 -29.21 -35.9 -17.21 4.21 0.69 -21.74 -1.69 -5.25 -26.3 -1.22 -5.49 -20.12 -0.93 -3.52 2
503 47 26 48 86 45 86 75 24 52 60.64 21.69 43.65 9.57 -20.4 -27.47 -1.83 5.46 2.93 -16.73 -0.77 -5.08 -16.87 -0.94 -4.53 -14.97 -1.38 -3.7 0
504 71 91 124 90 79 110 80 37 66 42.19 -42.83 -30.43 6.66 -54.21 -50.33 -1.66 -7.17 -10.31 -20.96 -1.61 -5.84 -18.3 -1.19 -5.59 -18.24 -1.61 -4.43 2
505 57 30 52 96 50 92 98 24 58 61.95 20.03 44 8.68 -25.17 -32.43 -15.62 5.25 -2.86 -26.79 -0.88 -5.76 -29.99 -1.2 -5.77 -25.95 -1.06 -4.03 0
506 71 28 52 108 58 101 90 26 58 47.78 26.12 49.37 -8.49 -32.9 -40.95 -9.37 3.21 -2.77 -23.91 1 -1.74 -23.79 -1.04 -4.31 -23.84 -1.93 -4.59 1
507 84 30 57 115 48 93 105 25 61 22.2 17.62 34.82 -19.14 -23.38 -34.19 -32.67 4.46 -6.08 -13.22 -0.42 -4.45 -16.24 -0.81 -4.63 -13.05 -1.88 -4 1
508 48 31 52 93 50 92 101 25 58 69.47 19.36 44.01 11.2 -25.09 -32.55 -20.53 4.34 -2.93 -25.33 -1.31 -5.85 -29.64 -1.35 -5.78 -23.86 -1.18 -3.92 3
509 54 26 50 100 55 99 72 23 54 65.04 28.04 51.06 1.76 -29.88 -38.95 9.28 6.35 1.33 -23.09 1.4 -2.48 -27.16 -1.73 -5.22 -25.06 -3.09 -5.59 0
510 63 29 51 92 46 86 72 23 53 49.47 18.91 42.03 4.04 -21.35 -26.78 5.58 6.5 2.34 -21.08 -1.52 -5.8 -18.82 -1.18 -5.3 -18.03 -1.29 -3.92 0
511 70 28 53 103 53 99 94 24 61 46.95 24.05 45.32 0.11 -28.1 -39.45 -14.22 5.33 -5.9 -23.26 -0.43 -4.16 -28.3 -1.13 -4.92 -23.06 -1.53 -4.15 1
512 57 30 53 89 48 87 90 24 55 51.84 18.28 39.12 8.55 -23.3 -28.38 -16.33 5.49 -0.04 -17.5 -1.25 -4.75 -17.04 -0.92 -4.4 -15.46 -1.28 -3.68 0
513 80 31 54 118 50 92 106 24 59 33.28 19.35 41.05 -16.49 -25.2 -32.96 -29.7 5.21 -4.28 -18.69 -2.86 -5.61 -22.77 -1.36 -5.41 -17.18 -1.53 -3.71 1
514 59 32 56 90 50 90 85 25 56 51.1 16.87 37.1 8.82 -25.21 -31.1 -10.64 4.49 -1.04 -18.67 -1.5 -5.21 -20.22 -1.13 -4.98 -16.59 -1.25 -3.73 0
515 76 28 53 115 55 99 102 24 58 41.99 24.45 45.7 -12.72 -30.08 -39.25 -21.82 5.21 -2.96 -23.52 0.22 -2.34 -26.28 -0.98 -4.57 -22.81 -1.47 -4.06 1
516 49 25 50 92 54 100 60 23 52 69.77 29.04 51.22 7.87 -28.9 -39.95 20.67 6.23 3.24 -23.82 1.78 -1.04 -31.74 -1.77 -6.19 -27.16 -2.84 -5.1 0
517 51 41 61 101 65 108 111 26 60 67.96 12.96 39.98 0.7 -39.87 -47.97 -29.78 3.36 -4.66 -23.82 1.4 -1.73 -27.66 -1.44 -4.99 -25.3 -2.66 -5.12 3
518 55 56 72 91 79 113 86 35 68 62.2 -3.86 26.38 12.12 -54.09 -53.39 -5.91 -5.65 -12.86 -23.08 -0.08 -3.46 -27.52 -1.04 -4.73 -22.85 -1.49 -4.1 3
519 69 49 76 91 52 91 92 25 57 34.95 -1.55 15.12 5.44 -27.45 -32.64 -21.49 4.32 -2.36 -11.47 -0.4 -3.74 -16.9 -0.78 -4.15 -11.13 -1.48 -3.55 2
520 49 26 48 107 59 104 62 22 53 69.86 27.76 52.66 -5.12 -33.88 -44 19.16 7.36 2.32 -23.48 1.44 -1.59 -26.98 -1.36 -4.81 -24.5 -2.53 -4.97 0
521 55 26 52 92 55 98 65 23 56 63.64 27.89 49.05 7.68 -29.9 -37.98 15.52 6.23 -0.77 -23.74 1.27 -1.3 -25.53 -1.21 -4.7 -24.39 -2.21 -4.72 0
522 71 28 51 96 46 88 92 25 58 34.77 19.4 40.01 -0.98 -21.56 -29.89 -20.38 4.3 -3.24 -13.96 -0.44 -3.84 -15.45 -0.71 -3.94 -12.74 -1.36 -3.63 1

