# Copyright (C) 2016 Seoul National University
#
# Licensed under the Apache License, Version 2.0 (the "License");
# you may not use this file except in compliance with the License.
# You may obtain a copy of the License at
#
#        http://www.apache.org/licenses/LICENSE-2.0
#
# Unless required by applicable law or agreed to in writing, software
# distributed under the License is distributed on an "AS IS" BASIS,
# WITHOUT WARRANTIES OR CONDITIONS OF ANY KIND, either express or implied.
# See the License for the specific language governing permissions and
# limitations under the License.

# name: sample_nmf
# description: sample data for non-negative matrix factorization (100 x 100) with values that are randomly generated using Python random module within range [0, 5]. this file is a training set, composed of 90% of the sample.
1: 1,3 2,1 3,4 4,2 5,0 6,4 7,5 8,4 9,5 10,5 11,2 12,4 13,1 14,4 15,4 16,4 17,1 18,2 19,1 20,4 21,5 22,4 23,5 24,1 25,0 26,1 27,0 28,0 29,4 30,2 31,3 32,1 33,1 34,2 35,2 36,1 37,3 38,3 39,4 40,0 41,1 42,0 43,3 44,2 45,4 46,3 47,0 48,1 49,3 50,3 51,0 52,4 53,3 54,1 55,2 56,3 57,3 58,5 59,1 60,1 61,4 62,5 63,2 64,4 65,2 66,1 67,3 68,2 69,3 70,4 71,2 72,0 73,5 74,0 75,5 76,4 77,3 78,1 79,4 80,5 81,0 82,0 83,5 84,2 85,5 86,4 87,1 88,3 89,2 90,0 91,3 92,0 93,4 94,0 95,3 96,4 97,5 98,3 99,1 100,3
2: 1,3 2,3 3,3 4,3 5,0 6,4 7,0 8,3 9,0 10,5 11,3 12,5 13,3 14,5 15,0 16,1 17,1 18,0 19,4 20,1 21,5 22,4 23,4 24,1 25,1 26,2 27,3 28,1 29,1 30,1 31,0 32,3 33,5 34,0 35,2 36,4 37,5 38,0 39,1 40,2 41,0 42,2 43,2 44,1 45,5 46,2 47,1 48,4 49,0 50,2 51,1 52,2 53,1 54,1 55,3 56,1 57,2 58,5 59,5 60,0 61,2 62,1 63,4 64,0 65,2 66,1 67,2 68,5 69,3 70,4 71,0 72,5 73,3 74,1 75,0 76,2 77,0 78,0 79,4 80,2 81,1 82,3 83,4 84,0 85,1 86,4 87,5 88,4 89,5 90,0 91,4 92,1 93,5 94,2 95,4 96,5 97,0 98,4 99,4 100,5
3: 1,5 2,3 3,2 4,0 5,0 6,3 7,5 8,1 9,1 10,2 11,3 12,5 13,5 14,4 15,0 16,4 17,3 18,3 19,3 20,3 21,0 22,3 23,3 24,5 25,0 26,0 27,1 28,0 29,5 30,4 31,2 32,4 33,5 34,3 35,4 36,3 37,2 38,2 39,5 40,2 41,1 42,5 43,4 44,1 45,5 46,1 47,2 48,0 49,5 50,3 51,1 52,1 53,5 54,4 55,0 56,1 57,2 58,4 59,2 60,1 61,4 62,2 63,2 64,2 65,3 66,3 67,0 68,3 69,3 70,4 71,0 72,1 73,5 74,0 75,3 76,1 77,0 78,0 79,0 80,5 81,5 82,5 83,1 84,5 85,3 86,0 87,0 88,4 89,3 90,4 91,3 92,2 93,0 94,1 95,3 96,2 97,5 98,4 99,1 100,4
4: 1,2 2,4 3,1 4,1 5,1 6,1 7,5 8,2 9,1 10,2 11,5 12,3 13,1 14,1 15,2 16,3 17,2 18,0 19,2 20,5 21,2 22,5 23,1 24,5 25,1 26,5 27,4 28,3 29,2 30,3 31,2 32,4 33,2 34,5 35,4 36,0 37,1 38,0 39,3 40,5 41,3 42,0 43,3 44,1 45,5 46,5 47,0 48,3 49,2 50,3 51,4 52,0 53,2 54,5 55,3 56,3 57,2 58,2 59,0 60,0 61,2 62,3 63,2 64,4 65,5 66,2 67,2 68,3 69,5 70,0 71,0 72,2 73,0 74,5 75,5 76,4 77,5 78,5 79,3 80,1 81,3 82,1 83,2 84,2 85,2 86,0 87,5 88,3 89,5 90,1 91,1 92,4 93,5 94,4 95,5 96,4 97,3 98,1 99,2 100,3
5: 1,3 2,2 3,3 4,2 5,0 6,3 7,0 8,3 9,5 10,1 11,5 12,3 13,3 14,4 15,3 16,0 17,4 18,5 19,3 20,3 21,4 22,3 23,3 24,5 25,4 26,4 27,3 28,2 29,1 30,3 31,5 32,1 33,0 34,5 35,3 36,2 37,2 38,3 39,0 40,4 41,1 42,1 43,4 44,1 45,1 46,1 47,3 48,2 49,1 50,3 51,1 52,0 53,1 54,4 55,0 56,5 57,2 58,4 59,5 60,3 61,1 62,1 63,0 64,0 65,2 66,1 67,3 68,1 69,1 70,4 71,4 72,0 73,1 74,3 75,3 76,0 77,5 78,3 79,1 80,4 81,4 82,1 83,5 84,2 85,5 86,0 87,5 88,5 89,1 90,2 91,5 92,0 93,2 94,4 95,1 96,1 97,2 98,1 99,3 100,3
6: 1,0 2,5 3,3 4,3 5,4 6,0 7,2 8,0 9,5 10,3 11,2 12,3 13,1 14,5 15,0 16,4 17,3 18,2 19,2 20,2 21,4 22,3 23,5 24,0 25,4 26,1 27,2 28,5 29,4 30,4 31,1 32,2 33,5 34,0 35,1 36,3 37,2 38,2 39,1 40,0 41,1 42,0 43,4 44,3 45,0 46,3 47,5 48,5 49,4 50,1 51,3 52,3 53,5 54,3 55,0 56,3 57,2 58,3 59,3 60,3 61,0 62,1 63,5 64,0 65,1 66,2 67,3 68,1 69,4 70,1 71,0 72,0 73,5 74,0 75,4 76,1 77,2 78,1 79,0 80,1 81,3 82,1 83,5 84,2 85,1 86,4 87,2 88,4 89,1 90,3 91,2 92,1 93,3 94,3 95,3 96,1 97,2 98,2 99,3 100,2
7: 1,0 2,4 3,2 4,1 5,1 6,0 7,2 8,0 9,0 10,2 11,2 12,5 13,4 14,4 15,3 16,1 17,3 18,5 19,0 20,0 21,1 22,5 23,3 24,0 25,3 26,1 27,3 28,1 29,2 30,1 31,1 32,0 33,3 34,0 35,5 36,0 37,2 38,5 39,3 40,5 41,2 42,2 43,2 44,4 45,1 46,2 47,5 48,1 49,0 50,0 51,3 52,4 53,1 54,4 55,4 56,3 57,0 58,2 59,5 60,5 61,3 62,0 63,4 64,3 65,1 66,1 67,5 68,3 69,5 70,5 71,5 72,3 73,0 74,0 75,2 76,0 77,4 78,4 79,5 80,3 81,2 82,3 83,1 84,0 85,4 86,5 87,3 88,5 89,1 90,5 91,1 92,0 93,3 94,5 95,2 96,5 97,2 98,1 99,0 100,3
8: 1,4 2,1 3,4 4,5 5,4 6,0 7,1 8,2 9,3 10,1 11,5 12,5 13,1 14,2 15,1 16,4 17,2 18,3 19,0 20,0 21,5 22,1 23,2 24,3 25,4 26,3 27,0 28,1 29,2 30,4 31,1 32,4 33,4 34,2 35,4 36,4 37,0 38,3 39,1 40,2 41,2 42,4 43,1 44,1 45,4 46,3 47,3 48,5 49,4 50,5 51,3 52,2 53,2 54,1 55,5 56,0 57,4 58,4 59,2 60,4 61,4 62,0 63,0 64,5 65,1 66,0 67,2 68,0 69,0 70,1 71,2 72,0 73,0 74,3 75,4 76,5 77,5 78,4 79,2 80,0 81,2 82,5 83,3 84,3 85,4 86,2 87,2 88,3 89,5 90,1 91,1 92,1 93,0 94,3 95,3 96,1 97,4 98,1 99,2 100,0
9: 1,5 2,2 3,2 4,1 5,0 6,4 7,5 8,4 9,3 10,3 11,1 12,3 13,2 14,4 15,3 16,5 17,4 18,4 19,0 20,1 21,5 22,2 23,3 24,2 25,5 26,1 27,3 28,4 29,3 30,1 31,5 32,0 33,1 34,1 35,1 36,5 37,5 38,0 39,0 40,2 41,2 42,2 43,4 44,1 45,2 46,3 47,5 48,2 49,1 50,4 51,5 52,3 53,4 54,4 55,5 56,2 57,2 58,0 59,3 60,3 61,1 62,4 63,4 64,4 65,3 66,4 67,2 68,2 69,1 70,2 71,3 72,3 73,0 74,5 75,2 76,3 77,4 78,4 79,5 80,3 81,4 82,2 83,1 84,3 85,0 86,0 87,4 88,2 89,3 90,4 91,1 92,2 93,3 94,4 95,4 96,2 97,1 98,5 99,4 100,4
10: 1,1 2,1 3,0 4,2 5,4 6,2 7,5 8,1 9,2 10,4 11,1 12,5 13,4 14,5 15,3 16,0 17,1 18,1 19,4 20,3 21,1 22,2 23,5 24,2 25,4 26,4 27,0 28,4 29,2 30,2 31,2 32,4 33,0 34,5 35,5 36,2 37,5 38,3 39,3 40,1 41,1 42,4 43,2 44,5 45,5 46,4 47,2 48,4 49,2 50,1 51,5 52,4 53,5 54,3 55,4 56,4 57,5 58,0 59,2 60,5 61,4 62,2 63,2 64,5 65,3 66,5 67,0 68,1 69,4 70,4 71,2 72,0 73,5 74,1 75,2 76,2 77,1 78,5 79,4 80,0 81,1 82,3 83,4 84,3 85,3 86,3 87,5 88,1 89,2 90,0 91,1 92,1 93,5 94,5 95,3 96,5 97,4 98,1 99,2 100,0
11: 1,3 2,5 3,0 4,5 5,2 6,5 7,1 8,0 9,0 10,4 11,5 12,3 13,4 14,5 15,3 16,4 17,0 18,4 19,2 20,3 21,3 22,1 23,0 24,0 25,5 26,3 27,2 28,5 29,5 30,1 31,5 32,4 33,0 34,4 35,4 36,4 37,5 38,0 39,4 40,3 41,3 42,0 43,1 44,2 45,2 46,2 47,1 48,3 49,0 50,3 51,3 52,4 53,2 54,5 55,2 56,5 57,3 58,3 59,1 60,3 61,1 62,4 63,4 64,5 65,1 66,3 67,0 68,1 69,3 70,4 71,5 72,1 73,2 74,1 75,0 76,5 77,3 78,0 79,0 80,3 81,2 82,4 83,4 84,0 85,0 86,5 87,1 88,0 89,0 90,3 91,2 92,2 93,3 94,1 95,2 96,1 97,1 98,4 99,3 100,4
12: 1,3 2,0 3,3 4,2 5,3 6,4 7,4 8,1 9,1 10,0 11,3 12,5 13,2 14,1 15,1 16,4 17,2 18,0 19,1 20,0 21,2 22,2 23,1 24,5 25,3 26,4 27,1 28,4 29,5 30,4 31,4 32,5 33,1 34,4 35,2 36,1 37,1 38,4 39,5 40,4 41,0 42,2 43,5 44,1 45,5 46,5 47,3 48,2 49,5 50,0 51,4 52,1 53,5 54,3 55,5 56,5 57,1 58,1 59,4 60,1 61,4 62,3 63,2 64,4 65,4 66,3 67,3 68,0 69,2 70,4 71,3 72,1 73,0 74,0 75,0 76,0 77,3 78,1 79,4 80,2 81,2 82,4 83,5 84,3 85,1 86,5 87,1 88,4 89,1 90,0 91,0 92,0 93,5 94,3 95,4 96,3 97,1 98,1 99,0 100,0
13: 1,5 2,4 3,4 4,2 5,5 6,5 7,5 8,4 9,5 10,3 11,5 12,3 13,3 14,3 15,5 16,0 17,4 18,0 19,3 20,5 21,2 22,2 23,0 24,4 25,3 26,2 27,3 28,3 29,5 30,3 31,4 32,0 33,4 34,5 35,2 36,4 37,5 38,3 39,3 40,1 41,5 42,4 43,1 44,1 45,0 46,5 47,2 48,1 49,0 50,2 51,4 52,5 53,1 54,0 55,3 56,0 57,1 58,3 59,3 60,5 61,2 62,0 63,0 64,4 65,5 66,0 67,1 68,5 69,5 70,2 71,2 72,4 73,0 74,3 75,1 76,0 77,5 78,1 79,1 80,2 81,1 82,2 83,5 84,5 85,4 86,5 87,4 88,4 89,2 90,3 91,3 92,0 93,4 94,5 95,2 96,1 97,1 98,0 99,2 100,5
14: 1,1 2,2 3,2 4,2 5,3 6,5 7,0 8,0 9,0 10,3 11,0 12,2 13,2 14,3 15,1 16,3 17,1 18,5 19,2 20,0 21,5 22,2 23,0 24,3 25,4 26,1 27,0 28,5 29,0 30,3 31,5 32,4 33,2 34,3 35,1 36,3 37,2 38,1 39,5 40,0 41,5 42,2 43,5 44,0 45,3 46,3 47,0 48,4 49,4 50,1 51,4 52,3 53,2 54,3 55,2 56,4 57,2 58,2 59,1 60,3 61,1 62,3 63,5 64,2 65,2 66,3 67,3 68,4 69,2 70,2 71,5 72,0 73,0 74,2 75,3 76,2 77,5 78,3 79,1 80,3 81,0 82,2 83,0 84,4 85,4 86,2 87,2 88,5 89,2 90,2 91,2 92,2 93,1 94,3 95,5 96,3 97,2 98,0 99,1 100,0
15: 1,0 2,0 3,4 4,5 5,5 6,0 7,4 8,3 9,4 10,1 11,1 12,3 13,5 14,3 15,4 16,0 17,4 18,5 19,1 20,3 21,4 22,4 23,0 24,1 25,2 26,4 27,0 28,1 29,2 30,3 31,4 32,4 33,0 34,0 35,5 36,1 37,2 38,0 39,4 40,1 41,0 42,1 43,2 44,3 45,3 46,0 47,4 48,5 49,0 50,4 51,3 52,4 53,2 54,3 55,2 56,2 57,5 58,0 59,4 60,2 61,1 62,3 63,3 64,0 65,2 66,4 67,2 68,5 69,3 70,4 71,5 72,1 73,5 74,1 75,0 76,5 77,3 78,2 79,2 80,3 81,2 82,2 83,1 84,2 85,1 86,4 87,4 88,1 89,4 90,1 91,2 92,3 93,1 94,4 95,2 96,2 97,0 98,4 99,0 100,5
16: 1,0 2,3 3,2 4,5 5,1 6,1 7,0 8,4 9,1 10,2 11,3 12,3 13,5 14,1 15,0 16,0 17,1 18,4 19,4 20,5 21,4 22,1 23,4 24,5 25,3 26,4 27,4 28,5 29,3 30,1 31,4 32,0 33,2 34,5 35,5 36,0 37,5 38,2 39,3 40,0 41,5 42,2 43,3 44,4 45,5 46,3 47,1 48,1 49,0 50,3 51,1 52,0 53,0 54,1 55,4 56,0 57,1 58,0 59,5 60,0 61,4 62,3 63,2 64,3 65,4 66,2 67,4 68,5 69,5 70,4 71,4 72,0 73,5 74,2 75,2 76,4 77,2 78,5 79,4 80,5 81,2 82,0 83,0 84,4 85,5 86,0 87,1 88,0 89,3 90,2 91,4 92,2 93,4 94,0 95,4 96,2 97,0 98,3 99,3 100,2
17: 1,3 2,4 3,5 4,0 5,2 6,2 7,5 8,5 9,1 10,0 11,1 12,5 13,5 14,4 15,4 16,5 17,3 18,1 19,1 20,1 21,3 22,3 23,1 24,5 25,2 26,0 27,0 28,1 29,3 30,3 31,3 32,4 33,4 34,4 35,5 36,0 37,2 38,0 39,5 40,4 41,4 42,5 43,0 44,2 45,3 46,1 47,2 48,5 49,1 50,4 51,4 52,1 53,2 54,0 55,5 56,2 57,5 58,1 59,5 60,5 61,0 62,5 63,2 64,1 65,4 66,4 67,2 68,1 69,3 70,1 71,0 72,0 73,1 74,5 75,0 76,0 77,5 78,5 79,3 80,0 81,5 82,4 83,5 84,5 85,5 86,4 87,0 88,3 89,5 90,1 91,3 92,2 93,5 94,0 95,4 96,0 97,0 98,5 99,3 100,0
18: 1,2 2,3 3,2 4,3 5,4 6,2 7,5 8,5 9,0 10,2 11,4 12,1 13,4 14,4 15,4 16,5 17,3 18,2 19,5 20,1 21,0 22,0 23,4 24,0 25,0 26,0 27,0 28,0 29,0 30,4 31,1 32,1 33,0 34,0 35,4 36,0 37,3 38,5 39,1 40,4 41,5 42,4 43,1 44,1 45,3 46,1 47,3 48,1 49,0 50,5 51,5 52,2 53,4 54,1 55,4 56,1 57,3 58,0 59,5 60,4 61,0 62,1 63,2 64,2 65,5 66,0 67,4 68,0 69,0 70,2 71,1 72,3 73,1 74,4 75,5 76,5 77,3 78,5 79,5 80,0 81,4 82,0 83,1 84,4 85,0 86,2 87,0 88,4 89,2 90,3 91,5 92,5 93,5 94,2 95,2 96,0 97,1 98,1 99,5 100,4
19: 1,3 2,2 3,4 4,1 5,4 6,3 7,1 8,3 9,1 10,0 11,5 12,4 13,0 14,2 15,1 16,0 17,2 18,1 19,1 20,0 21,0 22,3 23,0 24,2 25,5 26,5 27,2 28,2 29,1 30,4 31,1 32,5 33,3 34,1 35,3 36,2 37,5 38,0 39,5 40,4 41,4 42,0 43,3 44,1 45,1 46,1 47,0 48,2 49,1 50,5 51,0 52,1 53,2 54,0 55,0 56,0 57,5 58,1 59,1 60,4 61,1 62,2 63,0 64,1 65,1 66,5 67,0 68,3 69,3 70,4 71,1 72,0 73,5 74,1 75,4 76,4 77,3 78,4 79,2 80,3 81,5 82,5 83,2 84,2 85,4 86,2 87,3 88,3 89,1 90,1 91,3 92,4 93,1 94,2 95,0 96,0 97,5 98,3 99,2 100,4
20: 1,0 2,3 3,2 4,5 5,0 6,3 7,4 8,4 9,5 10,0 11,0 12,4 13,2 14,2 15,0 16,0 17,3 18,0 19,3 20,4 21,3 22,1 23,0 24,5 25,4 26,2 27,3 28,4 29,2 30,5 31,2 32,2 33,2 34,2 35,2 36,4 37,4 38,2 39,5 40,3 41,3 42,0 43,1 44,1 45,1 46,3 47,5 48,1 49,1 50,3 51,2 52,5 53,1 54,0 55,3 56,4 57,4 58,0 59,4 60,3 61,4 62,5 63,3 64,4 65,5 66,5 67,3 68,0 69,0 70,0 71,2 72,5 73,0 74,2 75,1 76,5 77,3 78,4 79,2 80,4 81,1 82,3 83,0 84,5 85,3 86,1 87,0 88,2 89,1 90,0 91,3 92,0 93,1 94,1 95,4 96,1 97,5 98,4 99,2 100,4
21: 1,2 2,0 3,5 4,3 5,3 6,1 7,5 8,1 9,5 10,2 11,5 12,1 13,3 14,4 15,5 16,4 17,4 18,2 19,4 20,0 21,3 22,3 23,3 24,4 25,5 26,3 27,0 28,0 29,0 30,1 31,4 32,1 33,2 34,0 35,1 36,3 37,5 38,0 39,5 40,3 41,2 42,3 43,2 44,3 45,3 46,2 47,4 48,1 49,1 50,0 51,2 52,2 53,1 54,1 55,0 56,5 57,4 58,2 59,2 60,4 61,3 62,0 63,3 64,3 65,5 66,0 67,5 68,0 69,5 70,4 71,0 72,3 73,0 74,2 75,3 76,1 77,1 78,5 79,1 80,4 81,4 82,5 83,3 84,5 85,5 86,3 87,5 88,4 89,3 90,5 91,2 92,1 93,2 94,0 95,3 96,4 97,1 98,3 99,4 100,0
22: 1,0 2,2 3,2 4,5 5,1 6,5 7,4 8,4 9,5 10,5 11,2 12,1 13,0 14,5 15,2 16,2 17,1 18,4 19,3 20,5 21,0 22,5 23,0 24,0 25,0 26,0 27,5 28,5 29,5 30,5 31,1 32,1 33,5 34,2 35,1 36,2 37,4 38,1 39,5 40,2 41,2 42,3 43,4 44,2 45,4 46,2 47,3 48,4 49,1 50,2 51,5 52,3 53,5 54,0 55,0 56,3 57,1 58,5 59,4 60,1 61,2 62,0 63,3 64,1 65,2 66,3 67,4 68,1 69,3 70,0 71,4 72,0 73,4 74,0 75,0 76,1 77,2 78,5 79,1 80,1 81,0 82,5 83,5 84,2 85,1 86,4 87,0 88,4 89,4 90,0 91,5 92,1 93,1 94,3 95,0 96,2 97,5 98,2 99,0 100,3
23: 1,4 2,4 3,2 4,2 5,1 6,2 7,0 8,5 9,1 10,4 11,4 12,5 13,5 14,3 15,4 16,4 17,0 18,3 19,0 20,5 21,5 22,4 23,3 24,2 25,1 26,3 27,3 28,1 29,4 30,5 31,5 32,4 33,0 34,0 35,2 36,3 37,1 38,3 39,0 40,1 41,3 42,2 43,5 44,5 45,3 46,4 47,0 48,4 49,4 50,1 51,3 52,5 53,4 54,3 55,4 56,0 57,0 58,3 59,3 60,3 61,4 62,0 63,5 64,1 65,3 66,3 67,3 68,2 69,3 70,1 71,5 72,0 73,0 74,5 75,4 76,3 77,0 78,3 79,5 80,1 81,1 82,4 83,1 84,3 85,4 86,0 87,4 88,5 89,1 90,3 91,4 92,5 93,0 94,1 95,0 96,1 97,5 98,5 99,5 100,2
24: 1,0 2,3 3,1 4,2 5,4 6,1 7,4 8,0 9,5 10,1 11,5 12,2 13,2 14,5 15,3 16,4 17,2 18,1 19,3 20,0 21,0 22,5 23,5 24,5 25,5 26,4 27,0 28,4 29,3 30,2 31,0 32,0 33,3 34,0 35,0 36,3 37,5 38,3 39,4 40,3 41,3 42,3 43,1 44,1 45,2 46,5 47,5 48,3 49,3 50,3 51,5 52,2 53,1 54,2 55,4 56,3 57,3 58,3 59,5 60,3 61,1 62,5 63,1 64,4 65,0 66,1 67,2 68,5 69,4 70,3 71,5 72,3 73,0 74,4 75,3 76,0 77,1 78,1 79,4 80,4 81,2 82,1 83,5 84,3 85,1 86,4 87,3 88,0 89,1 90,3 91,3 92,3 93,1 94,3 95,0 96,5 97,5 98,0 99,2 100,4
25: 1,5 2,3 3,5 4,0 5,0 6,0 7,3 8,2 9,3 10,3 11,2 12,4 13,3 14,2 15,3 16,1 17,0 18,0 19,4 20,5 21,0 22,4 23,0 24,5 25,4 26,3 27,0 28,2 29,1 30,4 31,5 32,2 33,0 34,3 35,0 36,3 37,2 38,1 39,3 40,1 41,3 42,2 43,0 44,2 45,4 46,5 47,3 48,0 49,1 50,3 51,4 52,1 53,3 54,4 55,5 56,1 57,2 58,0 59,4 60,0 61,1 62,4 63,4 64,1 65,0 66,0 67,0 68,2 69,5 70,4 71,3 72,3 73,5 74,3 75,3 76,0 77,4 78,2 79,2 80,0 81,1 82,0 83,2 84,1 85,4 86,2 87,5 88,2 89,0 90,1 91,3 92,2 93,3 94,3 95,3 96,5 97,2 98,0 99,4 100,3
26: 1,4 2,0 3,4 4,0 5,0 6,4 7,3 8,3 9,5 10,4 11,4 12,2 13,0 14,2 15,0 16,5 17,5 18,3 19,0 20,2 21,2 22,4 23,2 24,0 25,0 26,5 27,3 28,4 29,0 30,4 31,3 32,4 33,1 34,3 35,3 36,3 37,3 38,3 39,5 40,4 41,5 42,3 43,5 44,2 45,5 46,1 47,1 48,2 49,2 50,4 51,1 52,5 53,2 54,3 55,2 56,2 57,4 58,3 59,4 60,0 61,0 62,5 63,2 64,3 65,1 66,1 67,1 68,4 69,4 70,0 71,4 72,5 73,0 74,4 75,5 76,3 77,2 78,0 79,1 80,4 81,0 82,5 83,5 84,1 85,3 86,0 87,4 88,4 89,4 90,2 91,5 92,4 93,2 94,2 95,1 96,3 97,2 98,2 99,3 100,5
27: 1,0 2,0 3,0 4,0 5,5 6,3 7,2 8,3 9,3 10,2 11,5 12,4 13,4 14,5 15,0 16,5 17,4 18,5 19,4 20,4 21,0 22,3 23,1 24,3 25,0 26,2 27,2 28,2 29,4 30,4 31,1 32,5 33,0 34,1 35,4 36,0 37,4 38,0 39,3 40,5 41,0 42,0 43,1 44,1 45,5 46,0 47,2 48,0 49,5 50,2 51,0 52,3 53,1 54,5 55,0 56,1 57,5 58,1 59,4 60,3 61,3 62,3 63,2 64,4 65,1 66,0 67,5 68,2 69,4 70,0 71,2 72,2 73,0 74,0 75,3 76,5 77,2 78,2 79,3 80,5 81,4 82,5 83,2 84,3 85,5 86,2 87,3 88,5 89,4 90,0 91,0 92,3 93,5 94,3 95,2 96,2 97,1 98,2 99,1 100,4
28: 1,0 2,2 3,3 4,1 5,0 6,2 7,3 8,5 9,4 10,2 11,1 12,4 13,5 14,2 15,0 16,5 17,3 18,0 19,4 20,1 21,5 22,0 23,1 24,0 25,1 26,3 27,3 28,2 29,1 30,3 31,3 32,5 33,1 34,3 35,5 36,2 37,3 38,3 39,0 40,0 41,2 42,0 43,0 44,4 45,2 46,2 47,0 48,1 49,4 50,0 51,4 52,0 53,0 54,4 55,5 56,5 57,2 58,3 59,4 60,0 61,1 62,5 63,5 64,0 65,3 66,1 67,0 68,0 69,1 70,0 71,5 72,0 73,5 74,5 75,0 76,0 77,4 78,1 79,2 80,1 81,4 82,5 83,0 84,4 85,3 86,3 87,3 88,4 89,2 90,2 91,5 92,5 93,3 94,5 95,1 96,5 97,2 98,3 99,5 100,4
29: 1,1 2,5 3,0 4,0 5,0 6,5 7,1 8,1 9,1 10,0 11,1 12,1 13,5 14,2 15,0 16,5 17,0 18,3 19,1 20,4 21,1 22,2 23,1 24,5 25,1 26,0 27,4 28,5 29,4 30,3 31,2 32,3 33,0 34,5 35,5 36,1 37,3 38,5 39,2 40,3 41,1 42,0 43,5 44,0 45,4 46,0 47,3 48,4 49,0 50,3 51,4 52,3 53,5 54,4 55,4 56,2 57,4 58,0 59,2 60,4 61,4 62,3 63,4 64,1 65,2 66,0 67,3 68,2 69,5 70,4 71,0 72,1 73,3 74,4 75,4 76,4 77,0 78,5 79,4 80,5 81,3 82,3 83,1 84,0 85,3 86,5 87,4 88,4 89,3 90,3 91,5 92,2 93,2 94,3 95,1 96,4 97,0 98,1 99,3 100,5
30: 1,0 2,0 3,5 4,1 5,2 6,3 7,5 8,5 9,2 10,2 11,1 12,0 13,1 14,4 15,0 16,2 17,3 18,0 19,2 20,1 21,0 22,1 23,1 24,5 25,2 26,3 27,0 28,0 29,2 30,1 31,2 32,3 33,5 34,0 35,4 36,3 37,2 38,4 39,3 40,5 41,5 42,2 43,5 44,4 45,4 46,2 47,5 48,4 49,5 50,2 51,4 52,0 53,5 54,2 55,1 56,4 57,3 58,2 59,0 60,4 61,4 62,5 63,0 64,4 65,1 66,4 67,5 68,0 69,5 70,5 71,5 72,3 73,1 74,0 75,3 76,5 77,0 78,3 79,0 80,2 81,5 82,4 83,5 84,5 85,2 86,0 87,5 88,5 89,1 90,3 91,4 92,1 93,4 94,0 95,2 96,2 97,3 98,2 99,0 100,0
31: 1,0 2,2 3,1 4,2 5,5 6,2 7,1 8,0 9,4 10,4 11,4 12,4 13,2 14,1 15,1 16,4 17,2 18,4 19,2 20,3 21,3 22,3 23,5 24,5 25,0 26,1 27,0 28,2 29,2 30,0 31,2 32,4 33,3 34,2 35,0 36,2 37,1 38,3 39,4 40,4 41,1 42,5 43,4 44,5 45,5 46,0 47,0 48,1 49,2 50,4 51,2 52,2 53,5 54,3 55,3 56,4 57,4 58,0 59,1 60,1 61,0 62,3 63,1 64,1 65,5 66,5 67,3 68,4 69,0 70,3 71,0 72,2 73,5 74,5 75,5 76,5 77,2 78,4 79,0 80,3 81,0 82,1 83,1 84,1 85,1 86,0 87,2 88,3 89,2 90,2 91,0 92,2 93,5 94,3 95,3 96,4 97,0 98,4 99,2 100,4
32: 1,3 2,4 3,5 4,1 5,4 6,3 7,4 8,3 9,5 10,2 11,0 12,1 13,3 14,5 15,1 16,4 17,1 18,1 19,0 20,2 21,0 22,1 23,0 24,4 25,2 26,2 27,3 28,3 29,0 30,4 31,5 32,4 33,3 34,4 35,2 36,3 37,5 38,4 39,4 40,0 41,4 42,5 43,0 44,5 45,2 46,1 47,3 48,5 49,0 50,1 51,5 52,5 53,0 54,1 55,1 56,4 57,0 58,1 59,1 60,0 61,5 62,0 63,4 64,1 65,4 66,0 67,3 68,4 69,0 70,4 71,0 72,5 73,2 74,3 75,0 76,5 77,3 78,4 79,5 80,5 81,4 82,2 83,4 84,4 85,0 86,3 87,0 88,3 89,4 90,1 91,4 92,0 93,5 94,3 95,5 96,3 97,4 98,4 99,3 100,2
33: 1,1 2,3 3,3 4,1 5,2 6,4 7,3 8,4 9,4 10,5 11,5 12,3 13,0 14,1 15,5 16,1 17,5 18,2 19,1 20,2 21,2 22,4 23,4 24,5 25,2 26,1 27,3 28,4 29,0 30,1 31,5 32,5 33,4 34,1 35,2 36,5 37,3 38,2 39,2 40,0 41,2 42,0 43,0 44,2 45,2 46,1 47,2 48,3 49,5 50,2 51,3 52,4 53,3 54,1 55,4 56,1 57,4 58,1 59,3 60,0 61,2 62,5 63,0 64,2 65,4 66,2 67,4 68,1 69,0 70,2 71,5 72,1 73,3 74,0 75,4 76,0 77,0 78,3 79,4 80,5 81,3 82,4 83,3 84,4 85,5 86,5 87,0 88,3 89,1 90,5 91,1 92,2 93,4 94,4 95,1 96,4 97,3 98,3 99,2 100,4
34: 1,4 2,3 3,2 4,4 5,4 6,3 7,1 8,0 9,5 10,3 11,2 12,0 13,5 14,0 15,4 16,3 17,3 18,5 19,2 20,4 21,5 22,4 23,4 24,4 25,1 26,0 27,2 28,4 29,0 30,3 31,0 32,5 33,2 34,4 35,1 36,4 37,5 38,5 39,5 40,0 41,2 42,5 43,2 44,5 45,4 46,1 47,4 48,2 49,0 50,2 51,3 52,0 53,0 54,0 55,3 56,0 57,4 58,3 59,5 60,4 61,3 62,4 63,2 64,5 65,1 66,2 67,2 68,5 69,4 70,1 71,5 72,5 73,4 74,0 75,1 76,3 77,2 78,2 79,0 80,2 81,5 82,2 83,5 84,3 85,1 86,5 87,4 88,4 89,4 90,1 91,0 92,4 93,1 94,2 95,3 96,0 97,1 98,3 99,0 100,5
35: 1,1 2,1 3,1 4,0 5,0 6,2 7,5 8,0 9,3 10,3 11,4 12,0 13,3 14,0 15,4 16,3 17,4 18,5 19,1 20,1 21,4 22,4 23,4 24,4 25,3 26,4 27,5 28,4 29,1 30,2 31,2 32,4 33,3 34,5 35,2 36,2 37,5 38,3 39,5 40,5 41,2 42,0 43,0 44,2 45,1 46,1 47,3 48,1 49,3 50,4 51,0 52,4 53,3 54,2 55,4 56,1 57,1 58,3 59,5 60,4 61,3 62,1 63,1 64,2 65,5 66,5 67,3 68,4 69,4 70,1 71,5 72,3 73,1 74,4 75,1 76,0 77,5 78,1 79,0 80,3 81,3 82,4 83,4 84,2 85,1 86,0 87,4 88,1 89,0 90,5 91,1 92,1 93,2 94,0 95,5 96,2 97,3 98,2 99,2 100,3
36: 1,2 2,1 3,0 4,3 5,5 6,4 7,1 8,0 9,1 10,5 11,3 12,3 13,0 14,3 15,2 16,2 17,3 18,3 19,3 20,3 21,3 22,1 23,3 24,4 25,1 26,1 27,2 28,1 29,3 30,4 31,3 32,2 33,2 34,0 35,4 36,4 37,3 38,4 39,2 40,2 41,2 42,2 43,0 44,2 45,3 46,4 47,3 48,5 49,3 50,4 51,4 52,0 53,3 54,0 55,3 56,1 57,5 58,0 59,3 60,0 61,0 62,1 63,3 64,1 65,4 66,4 67,0 68,5 69,2 70,4 71,4 72,3 73,5 74,3 75,3 76,2 77,0 78,0 79,5 80,1 81,4 82,4 83,2 84,4 85,1 86,1 87,5 88,3 89,1 90,3 91,2 92,4 93,5 94,3 95,1 96,5 97,4 98,5 99,1 100,2
37: 1,5 2,3 3,1 4,0 5,1 6,4 7,3 8,0 9,1 10,1 11,2 12,1 13,5 14,0 15,0 16,1 17,3 18,4 19,5 20,3 21,4 22,3 23,4 24,0 25,1 26,4 27,4 28,0 29,5 30,0 31,5 32,3 33,1 34,0 35,1 36,5 37,3 38,1 39,4 40,0 41,5 42,3 43,0 44,1 45,2 46,5 47,0 48,3 49,0 50,5 51,3 52,2 53,3 54,0 55,4 56,1 57,2 58,5 59,1 60,0 61,4 62,3 63,2 64,0 65,0 66,1 67,0 68,4 69,5 70,3 71,5 72,4 73,5 74,3 75,1 76,5 77,4 78,2 79,2 80,4 81,3 82,0 83,1 84,1 85,2 86,4 87,4 88,0 89,0 90,4 91,1 92,4 93,1 94,3 95,3 96,3 97,1 98,4 99,3 100,3
38: 1,5 2,4 3,1 4,2 5,0 6,0 7,1 8,1 9,5 10,1 11,5 12,1 13,5 14,4 15,5 16,2 17,4 18,4 19,1 20,1 21,0 22,2 23,2 24,5 25,3 26,0 27,1 28,1 29,0 30,4 31,4 32,2 33,2 34,2 35,1 36,1 37,2 38,4 39,5 40,1 41,0 42,1 43,3 44,3 45,5 46,4 47,3 48,3 49,1 50,4 51,1 52,2 53,2 54,0 55,5 56,5 57,5 58,3 59,2 60,3 61,3 62,4 63,0 64,3 65,4 66,1 67,4 68,0 69,2 70,1 71,5 72,0 73,0 74,2 75,4 76,4 77,4 78,0 79,3 80,4 81,4 82,0 83,3 84,2 85,4 86,1 87,0 88,4 89,5 90,1 91,1 92,0 93,3 94,4 95,4 96,4 97,5 98,1 99,2 100,5
39: 1,2 2,3 3,5 4,3 5,4 6,1 7,4 8,3 9,2 10,5 11,4 12,2 13,0 14,0 15,5 16,2 17,5 18,2 19,1 20,5 21,3 22,5 23,2 24,5 25,5 26,1 27,4 28,0 29,4 30,4 31,5 32,3 33,5 34,1 35,3 36,5 37,3 38,3 39,0 40,2 41,5 42,5 43,4 44,5 45,4 46,0 47,1 48,0 49,5 50,3 51,0 52,5 53,4 54,3 55,5 56,4 57,0 58,1 59,1 60,3 61,4 62,4 63,5 64,2 65,1 66,3 67,4 68,5 69,4 70,4 71,2 72,5 73,2 74,0 75,5 76,3 77,1 78,4 79,2 80,4 81,1 82,2 83,1 84,4 85,4 86,3 87,4 88,1 89,5 90,3 91,5 92,2 93,4 94,0 95,4 96,5 97,1 98,5 99,4 100,4
40: 1,2 2,5 3,0 4,5 5,1 6,1 7,2 8,5 9,0 10,3 11,4 12,0 13,1 14,1 15,5 16,2 17,5 18,3 19,0 20,1 21,3 22,5 23,1 24,1 25,5 26,0 27,0 28,1 29,5 30,4 31,1 32,1 33,4 34,1 35,1 36,0 37,2 38,2 39,0 40,2 41,2 42,5 43,3 44,3 45,5 46,4 47,0 48,4 49,4 50,0 51,0 52,0 53,1 54,0 55,3 56,1 57,5 58,5 59,0 60,5 61,1 62,2 63,2 64,3 65,0 66,2 67,1 68,4 69,4 70,4 71,4 72,2 73,4 74,3 75,1 76,3 77,1 78,0 79,1 80,3 81,1 82,0 83,3 84,3 85,2 86,1 87,2 88,0 89,1 90,1 91,1 92,0 93,1 94,3 95,4 96,5 97,4 98,4 99,3 100,2
41: 1,1 2,5 3,2 4,0 5,0 6,2 7,1 8,5 9,0 10,5 11,5 12,1 13,5 14,5 15,1 16,5 17,1 18,3 19,2 20,2 21,1 22,2 23,5 24,2 25,0 26,2 27,5 28,5 29,2 30,3 31,3 32,1 33,4 34,4 35,5 36,1 37,4 38,3 39,3 40,3 41,4 42,4 43,5 44,5 45,1 46,2 47,4 48,1 49,4 50,0 51,2 52,0 53,5 54,2 55,0 56,3 57,4 58,4 59,3 60,1 61,4 62,1 63,4 64,2 65,5 66,5 67,5 68,2 69,2 70,3 71,1 72,3 73,1 74,4 75,2 76,2 77,3 78,2 79,0 80,2 81,2 82,0 83,3 84,5 85,5 86,5 87,5 88,2 89,1 90,2 91,3 92,2 93,3 94,2 95,1 96,5 97,2 98,5 99,1 100,0
42: 1,4 2,2 3,2 4,0 5,2 6,5 7,4 8,3 9,5 10,0 11,5 12,2 13,3 14,0 15,3 16,3 17,5 18,5 19,0 20,2 21,2 22,0 23,3 24,1 25,0 26,1 27,4 28,5 29,1 30,4 31,1 32,4 33,3 34,5 35,4 36,3 37,4 38,3 39,4 40,4 41,4 42,5 43,4 44,4 45,0 46,3 47,5 48,3 49,0 50,5 51,4 52,3 53,0 54,5 55,5 56,0 57,5 58,3 59,3 60,5 61,2 62,2 63,2 64,0 65,2 66,5 67,3 68,4 69,3 70,3 71,5 72,1 73,1 74,2 75,5 76,0 77,2 78,5 79,3 80,4 81,2 82,4 83,2 84,4 85,4 86,3 87,0 88,3 89,4 90,0 91,2 92,4 93,2 94,5 95,5 96,0 97,2 98,1 99,5 100,5
43: 1,4 2,2 3,0 4,3 5,4 6,4 7,0 8,0 9,0 10,1 11,3 12,2 13,3 14,5 15,3 16,3 17,2 18,2 19,5 20,5 21,3 22,1 23,0 24,3 25,5 26,5 27,3 28,0 29,5 30,5 31,3 32,3 33,5 34,2 35,5 36,2 37,0 38,3 39,4 40,0 41,3 42,0 43,5 44,3 45,0 46,4 47,4 48,2 49,5 50,2 51,2 52,1 53,0 54,4 55,5 56,5 57,0 58,3 59,3 60,1 61,4 62,3 63,4 64,0 65,4 66,3 67,2 68,0 69,0 70,0 71,0 72,4 73,5 74,3 75,5 76,4 77,5 78,3 79,1 80,1 81,5 82,0 83,5 84,0 85,5 86,1 87,4 88,1 89,3 90,1 91,4 92,2 93,1 94,1 95,2 96,2 97,4 98,1 99,2 100,5
44: 1,0 2,5 3,1 4,4 5,1 6,2 7,4 8,3 9,4 10,5 11,2 12,3 13,3 14,5 15,0 16,5 17,2 18,5 19,4 20,1 21,2 22,3 23,0 24,3 25,3 26,5 27,2 28,2 29,4 30,0 31,3 32,0 33,2 34,0 35,0 36,5 37,1 38,1 39,3 40,1 41,3 42,5 43,3 44,2 45,2 46,5 47,1 48,4 49,2 50,2 51,4 52,3 53,4 54,1 55,5 56,4 57,1 58,1 59,3 60,1 61,2 62,4 63,4 64,2 65,2 66,5 67,2 68,0 69,0 70,2 71,3 72,2 73,1 74,3 75,2 76,5 77,0 78,4 79,1 80,4 81,2 82,4 83,0 84,4 85,5 86,5 87,3 88,2 89,2 90,4 91,1 92,5 93,1 94,2 95,1 96,4 97,2 98,5 99,3 100,5
45: 1,1 2,0 3,0 4,1 5,5 6,5 7,1 8,1 9,2 10,1 11,0 12,5 13,5 14,5 15,5 16,2 17,4 18,3 19,1 20,1 21,4 22,4 23,4 24,5 25,2 26,1 27,2 28,2 29,3 30,0 31,2 32,1 33,2 34,2 35,2 36,2 37,4 38,3 39,4 40,3 41,4 42,2 43,1 44,5 45,5 46,4 47,1 48,3 49,3 50,2 51,5 52,4 53,5 54,3 55,1 56,5 57,2 58,2 59,5 60,3 61,5 62,4 63,0 64,1 65,2 66,1 67,2 68,1 69,1 70,0 71,5 72,1 73,3 74,1 75,2 76,1 77,5 78,1 79,5 80,1 81,4 82,5 83,5 84,1 85,5 86,1 87,4 88,1 89,3 90,1 91,1 92,4 93,5 94,5 95,2 96,4 97,1 98,0 99,2 100,2
46: 1,1 2,3 3,5 4,4 5,0 6,2 7,3 8,0 9,5 10,0 11,0 12,1 13,3 14,4 15,1 16,3 17,5 18,3 19,3 20,5 21,3 22,4 23,0 24,3 25,3 26,0 27,4 28,0 29,1 30,4 31,1 32,1 33,4 34,5 35,5 36,0 37,2 38,3 39,1 40,3 41,0 42,1 43,4 44,5 45,5 46,1 47,2 48,0 49,1 50,1 51,4 52,4 53,3 54,0 55,1 56,4 57,1 58,1 59,2 60,2 61,2 62,1 63,0 64,1 65,1 66,5 67,2 68,2 69,1 70,3 71,0 72,4 73,5 74,1 75,5 76,5 77,5 78,1 79,2 80,4 81,1 82,1 83,0 84,2 85,3 86,0 87,3 88,1 89,2 90,1 91,5 92,1 93,1 94,5 95,2 96,0 97,2 98,0 99,0 100,5
47: 1,5 2,5 3,2 4,5 5,3 6,3 7,4 8,0 9,5 10,3 11,4 12,3 13,5 14,2 15,4 16,5 17,4 18,1 19,5 20,5 21,1 22,0 23,4 24,1 25,3 26,2 27,5 28,4 29,4 30,4 31,1 32,3 33,3 34,5 35,4 36,5 37,2 38,1 39,0 40,0 41,2 42,2 43,4 44,4 45,5 46,2 47,1 48,3 49,4 50,0 51,4 52,3 53,0 54,2 55,0 56,4 57,5 58,1 59,0 60,5 61,0 62,0 63,2 64,2 65,1 66,0 67,4 68,5 69,1 70,4 71,0 72,0 73,0 74,0 75,1 76,1 77,3 78,2 79,1 80,1 81,0 82,4 83,2 84,1 85,1 86,2 87,3 88,3 89,1 90,3 91,2 92,0 93,0 94,2 95,2 96,5 97,4 98,3 99,3 100,2
48: 1,4 2,4 3,0 4,5 5,1 6,5 7,1 8,0 9,3 10,5 11,1 12,2 13,3 14,5 15,1 16,5 17,0 18,5 19,0 20,4 21,3 22,4 23,3 24,0 25,3 26,5 27,0 28,0 29,4 30,0 31,0 32,5 33,1 34,2 35,4 36,5 37,4 38,1 39,0 40,3 41,3 42,1 43,4 44,3 45,1 46,2 47,5 48,3 49,2 50,0 51,5 52,0 53,3 54,2 55,1 56,4 57,5 58,5 59,1 60,5 61,0 62,2 63,5 64,5 65,3 66,4 67,2 68,1 69,0 70,2 71,5 72,0 73,4 74,5 75,5 76,3 77,1 78,2 79,2 80,0 81,0 82,3 83,3 84,1 85,3 86,3 87,0 88,2 89,3 90,1 91,0 92,0 93,3 94,2 95,3 96,1 97,5 98,1 99,0 100,2
49: 1,1 2,5 3,5 4,2 5,2 6,3 7,2 8,2 9,0 10,4 11,0 12,2 13,0 14,0 15,1 16,1 17,1 18,3 19,0 20,5 21,2 22,2 23,1 24,4 25,5 26,2 27,1 28,5 29,0 30,5 31,2 32,2 33,5 34,5 35,1 36,5 37,1 38,3 39,0 40,5 41,0 42,3 43,2 44,2 45,1 46,3 47,2 48,3 49,0 50,1 51,1 52,3 53,0 54,4 55,2 56,1 57,2 58,2 59,4 60,2 61,3 62,4 63,5 64,4 65,4 66,5 67,5 68,4 69,2 70,2 71,2 72,2 73,3 74,2 75,4 76,3 77,0 78,4 79,2 80,1 81,1 82,2 83,3 84,5 85,2 86,2 87,1 88,1 89,5 90,5 91,4 92,5 93,2 94,5 95,5 96,4 97,1 98,1 99,4 100,0
50: 1,0 2,3 3,4 4,1 5,0 6,5 7,4 8,0 9,2 10,2 11,1 12,2 13,0 14,3 15,5 16,5 17,2 18,2 19,0 20,0 21,1 22,0 23,5 24,2 25,5 26,3 27,5 28,3 29,3 30,4 31,4 32,5 33,3 34,1 35,0 36,5 37,4 38,3 39,2 40,2 41,5 42,2 43,3 44,5 45,4 46,0 47,0 48,2 49,2 50,3 51,3 52,0 53,2 54,0 55,1 56,2 57,1 58,3 59,4 60,1 61,3 62,5 63,5 64,1 65,0 66,4 67,5 68,4 69,1 70,4 71,2 72,5 73,4 74,3 75,1 76,2 77,3 78,1 79,1 80,2 81,1 82,0 83,4 84,5 85,4 86,2 87,4 88,2 89,2 90,2 91,0 92,5 93,3 94,5 95,0 96,5 97,3 98,4 99,4 100,2
51: 1,3 2,3 3,0 4,4 5,3 6,2 7,2 8,1 9,5 10,5 11,0 12,5 13,5 14,4 15,0 16,5 17,4 18,1 19,0 20,1 21,1 22,5 23,5 24,1 25,0 26,1 27,1 28,2 29,4 30,4 31,3 32,4 33,3 34,4 35,5 36,2 37,4 38,1 39,3 40,0 41,2 42,1 43,2 44,0 45,0 46,2 47,1 48,2 49,1 50,0 51,0 52,4 53,3 54,3 55,4 56,4 57,2 58,1 59,4 60,4 61,1 62,4 63,0 64,4 65,2 66,4 67,0 68,0 69,1 70,3 71,4 72,3 73,2 74,4 75,1 76,0 77,0 78,0 79,3 80,4 81,2 82,5 83,2 84,5 85,5 86,3 87,1 88,5 89,2 90,2 91,2 92,1 93,0 94,4 95,4 96,3 97,2 98,1 99,0 100,1
52: 1,5 2,2 3,1 4,0 5,1 6,2 7,2 8,3 9,2 10,0 11,3 12,0 13,3 14,2 15,0 16,0 17,1 18,2 19,2 20,4 21,3 22,1 23,5 24,2 25,0 26,0 27,5 28,0 29,5 30,1 31,0 32,1 33,1 34,1 35,3 36,4 37,5 38,5 39,5 40,4 41,0 42,1 43,5 44,5 45,2 46,1 47,1 48,5 49,3 50,1 51,5 52,4 53,1 54,3 55,2 56,2 57,3 58,4 59,3 60,5 61,5 62,4 63,4 64,5 65,2 66,4 67,2 68,5 69,5 70,5 71,5 72,2 73,3 74,3 75,4 76,3 77,4 78,5 79,4 80,5 81,1 82,4 83,4 84,4 85,3 86,5 87,4 88,1 89,1 90,2 91,0 92,0 93,4 94,0 95,4 96,2 97,3 98,5 99,3 100,1
53: 1,0 2,2 3,0 4,5 5,1 6,2 7,5 8,0 9,3 10,3 11,1 12,4 13,3 14,1 15,1 16,3 17,2 18,5 19,1 20,1 21,2 22,3 23,1 24,3 25,5 26,1 27,3 28,1 29,3 30,0 31,4 32,2 33,4 34,0 35,1 36,3 37,1 38,2 39,0 40,2 41,5 42,4 43,3 44,0 45,2 46,2 47,2 48,5 49,2 50,1 51,4 52,2 53,4 54,4 55,4 56,4 57,2 58,0 59,2 60,4 61,5 62,0 63,2 64,0 65,3 66,4 67,5 68,1 69,5 70,2 71,0 72,3 73,0 74,3 75,4 76,2 77,3 78,2 79,1 80,3 81,2 82,0 83,5 84,0 85,1 86,5 87,3 88,5 89,3 90,4 91,0 92,5 93,2 94,5 95,4 96,0 97,5 98,2 99,1 100,5
54: 1,5 2,4 3,4 4,0 5,3 6,5 7,4 8,5 9,3 10,4 11,1 12,4 13,3 14,3 15,4 16,2 17,3 18,5 19,2 20,3 21,2 22,5 23,1 24,2 25,2 26,5 27,0 28,1 29,4 30,0 31,2 32,1 33,5 34,1 35,2 36,0 37,3 38,0 39,2 40,4 41,5 42,3 43,2 44,4 45,5 46,0 47,4 48,4 49,4 50,2 51,2 52,0 53,5 54,4 55,2 56,2 57,1 58,3 59,5 60,0 61,3 62,2 63,1 64,4 65,3 66,3 67,0 68,3 69,2 70,2 71,5 72,4 73,3 74,2 75,5 76,2 77,1 78,0 79,3 80,0 81,5 82,1 83,5 84,0 85,3 86,5 87,3 88,3 89,0 90,3 91,1 92,5 93,3 94,4 95,2 96,3 97,0 98,1 99,4 100,5
55: 1,5 2,5 3,5 4,4 5,0 6,2 7,0 8,2 9,3 10,2 11,3 12,3 13,3 14,0 15,0 16,1 17,0 18,1 19,4 20,0 21,2 22,4 23,2 24,2 25,1 26,4 27,1 28,3 29,5 30,0 31,1 32,3 33,5 34,2 35,4 36,3 37,2 38,5 39,2 40,4 41,3 42,2 43,4 44,1 45,5 46,1 47,4 48,1 49,4 50,2 51,4 52,4 53,4 54,0 55,3 56,2 57,2 58,5 59,4 60,2 61,0 62,2 63,1 64,4 65,3 66,4 67,4 68,1 69,2 70,3 71,1 72,1 73,1 74,5 75,2 76,1 77,1 78,5 79,2 80,3 81,3 82,5 83,0 84,2 85,1 86,4 87,1 88,3 89,5 90,5 91,4 92,2 93,2 94,2 95,3 96,2 97,0 98,2 99,5 100,3
56: 1,2 2,1 3,5 4,2 5,2 6,0 7,3 8,1 9,1 10,0 11,4 12,1 13,0 14,1 15,0 16,3 17,4 18,0 19,0 20,5 21,2 22,2 23,5 24,3 25,0 26,0 27,4 28,0 29,2 30,5 31,2 32,4 33,4 34,5 35,4 36,1 37,2 38,2 39,3 40,1 41,0 42,4 43,3 44,1 45,1 46,1 47,4 48,4 49,4 50,5 51,2 52,1 53,3 54,0 55,4 56,3 57,3 58,5 59,2 60,1 61,3 62,2 63,4 64,0 65,5 66,4 67,3 68,2 69,5 70,4 71,4 72,0 73,5 74,4 75,4 76,2 77,4 78,3 79,5 80,1 81,2 82,4 83,3 84,5 85,2 86,5 87,4 88,4 89,0 90,5 91,1 92,4 93,2 94,3 95,4 96,4 97,0 98,5 99,5 100,2
57: 1,3 2,2 3,0 4,1 5,2 6,0 7,5 8,4 9,3 10,3 11,4 12,2 13,4 14,0 15,1 16,4 17,3 18,2 19,3 20,0 21,5 22,2 23,2 24,0 25,4 26,2 27,0 28,3 29,1 30,0 31,1 32,5 33,2 34,4 35,1 36,1 37,0 38,4 39,2 40,3 41,1 42,2 43,4 44,2 45,0 46,1 47,5 48,4 49,0 50,1 51,2 52,2 53,1 54,0 55,1 56,5 57,5 58,0 59,4 60,4 61,3 62,4 63,1 64,3 65,2 66,1 67,0 68,0 69,2 70,2 71,1 72,2 73,1 74,4 75,1 76,1 77,3 78,3 79,0 80,0 81,1 82,3 83,0 84,0 85,3 86,3 87,5 88,0 89,0 90,5 91,2 92,3 93,5 94,2 95,0 96,0 97,0 98,1 99,5 100,5
58: 1,1 2,4 3,1 4,4 5,1 6,5 7,5 8,0 9,2 10,4 11,4 12,3 13,1 14,0 15,4 16,0 17,1 18,1 19,1 20,2 21,0 22,4 23,5 24,0 25,3 26,2 27,3 28,3 29,1 30,1 31,0 32,5 33,3 34,2 35,2 36,0 37,5 38,4 39,2 40,3 41,4 42,1 43,3 44,1 45,3 46,4 47,0 48,3 49,1 50,3 51,4 52,5 53,5 54,3 55,4 56,2 57,0 58,1 59,2 60,4 61,0 62,2 63,3 64,1 65,3 66,4 67,3 68,3 69,0 70,0 71,4 72,4 73,4 74,5 75,2 76,1 77,1 78,0 79,2 80,1 81,4 82,2 83,1 84,2 85,0 86,1 87,2 88,3 89,3 90,3 91,3 92,1 93,0 94,3 95,5 96,2 97,5 98,0 99,4 100,0
59: 1,0 2,3 3,0 4,2 5,0 6,0 7,2 8,5 9,3 10,3 11,4 12,4 13,3 14,1 15,5 16,0 17,0 18,5 19,4 20,2 21,2 22,1 23,0 24,5 25,2 26,0 27,0 28,1 29,5 30,0 31,0 32,3 33,4 34,5 35,0 36,4 37,3 38,1 39,3 40,4 41,2 42,0 43,3 44,3 45,4 46,1 47,0 48,2 49,2 50,4 51,3 52,0 53,4 54,1 55,4 56,3 57,3 58,0 59,0 60,4 61,4 62,5 63,5 64,0 65,4 66,3 67,5 68,2 69,0 70,3 71,5 72,4 73,4 74,0 75,1 76,0 77,1 78,4 79,3 80,1 81,1 82,5 83,4 84,5 85,1 86,0 87,2 88,5 89,1 90,3 91,5 92,2 93,4 94,5 95,0 96,4 97,0 98,0 99,2 100,1
60: 1,2 2,2 3,4 4,5 5,5 6,1 7,2 8,4 9,3 10,1 11,4 12,1 13,1 14,1 15,1 16,2 17,5 18,5 19,1 20,2 21,4 22,0 23,0 24,4 25,4 26,2 27,2 28,3 29,4 30,3 31,4 32,3 33,1 34,1 35,4 36,5 37,5 38,0 39,1 40,4 41,3 42,2 43,2 44,4 45,4 46,0 47,3 48,1 49,3 50,5 51,5 52,2 53,3 54,4 55,1 56,4 57,4 58,4 59,4 60,3 61,5 62,3 63,5 64,4 65,4 66,2 67,1 68,3 69,2 70,0 71,3 72,4 73,4 74,2 75,3 76,0 77,1 78,5 79,2 80,0 81,0 82,4 83,5 84,5 85,4 86,0 87,2 88,0 89,1 90,2 91,1 92,0 93,2 94,4 95,4 96,1 97,1 98,2 99,3 100,2
61: 1,3 2,3 3,4 4,0 5,2 6,5 7,5 8,0 9,5 10,3 11,5 12,4 13,2 14,2 15,1 16,4 17,1 18,3 19,4 20,0 21,1 22,5 23,1 24,3 25,5 26,1 27,2 28,2 29,4 30,3 31,1 32,4 33,5 34,2 35,0 36,3 37,4 38,4 39,1 40,1 41,1 42,1 43,2 44,5 45,1 46,4 47,4 48,0 49,0 50,1 51,1 52,1 53,3 54,0 55,3 56,2 57,1 58,0 59,2 60,0 61,0 62,0 63,5 64,0 65,4 66,0 67,0 68,2 69,0 70,3 71,3 72,0 73,4 74,0 75,4 76,2 77,1 78,0 79,5 80,2 81,1 82,5 83,0 84,3 85,5 86,5 87,0 88,2 89,0 90,1 91,4 92,0 93,1 94,0 95,4 96,5 97,2 98,0 99,1 100,0
62: 1,5 2,4 3,4 4,2 5,4 6,4 7,4 8,3 9,3 10,2 11,4 12,0 13,2 14,0 15,1 16,5 17,3 18,5 19,4 20,5 21,5 22,0 23,1 24,0 25,1 26,1 27,4 28,5 29,2 30,1 31,5 32,1 33,4 34,0 35,1 36,2 37,0 38,4 39,2 40,3 41,2 42,0 43,5 44,5 45,3 46,0 47,3 48,2 49,0 50,3 51,4 52,0 53,4 54,1 55,4 56,1 57,2 58,1 59,1 60,5 61,0 62,3 63,0 64,1 65,2 66,2 67,3 68,4 69,4 70,0 71,2 72,5 73,0 74,4 75,1 76,1 77,3 78,4 79,1 80,4 81,2 82,3 83,2 84,3 85,5 86,4 87,2 88,4 89,0 90,1 91,3 92,0 93,4 94,4 95,1 96,4 97,3 98,1 99,4 100,5
63: 1,1 2,1 3,4 4,2 5,5 6,5 7,1 8,1 9,4 10,4 11,3 12,3 13,3 14,5 15,2 16,4 17,2 18,0 19,3 20,0 21,4 22,5 23,0 24,3 25,4 26,1 27,3 28,0 29,3 30,1 31,0 32,3 33,4 34,1 35,2 36,1 37,4 38,1 39,5 40,4 41,5 42,1 43,1 44,0 45,3 46,0 47,0 48,1 49,3 50,0 51,3 52,2 53,0 54,2 55,3 56,4 57,4 58,1 59,2 60,2 61,1 62,4 63,5 64,0 65,3 66,3 67,4 68,3 69,5 70,0 71,3 72,5 73,4 74,4 75,3 76,4 77,2 78,5 79,4 80,1 81,5 82,0 83,5 84,3 85,5 86,0 87,3 88,0 89,3 90,0 91,2 92,2 93,3 94,4 95,1 96,2 97,2 98,0 99,4 100,0
64: 1,4 2,1 3,0 4,2 5,1 6,0 7,3 8,0 9,0 10,3 11,2 12,1 13,2 14,4 15,4 16,1 17,0 18,3 19,0 20,3 21,2 22,4 23,3 24,4 25,4 26,3 27,3 28,4 29,3 30,5 31,2 32,0 33,4 34,3 35,1 36,2 37,4 38,0 39,2 40,0 41,5 42,1 43,5 44,1 45,2 46,0 47,1 48,2 49,2 50,3 51,2 52,2 53,5 54,2 55,4 56,5 57,2 58,1 59,5 60,3 61,4 62,5 63,0 64,4 65,4 66,5 67,4 68,3 69,0 70,0 71,2 72,4 73,5 74,5 75,1 76,5 77,0 78,4 79,5 80,2 81,3 82,0 83,0 84,0 85,0 86,3 87,5 88,5 89,5 90,1 91,1 92,4 93,4 94,5 95,1 96,2 97,2 98,1 99,2 100,3
65: 1,2 2,5 3,2 4,2 5,4 6,5 7,3 8,1 9,4 10,5 11,4 12,4 13,4 14,4 15,2 16,1 17,3 18,5 19,4 20,3 21,3 22,2 23,0 24,5 25,3 26,0 27,3 28,1 29,2 30,5 31,5 32,3 33,2 34,3 35,5 36,1 37,1 38,1 39,1 40,4 41,4 42,1 43,4 44,1 45,1 46,3 47,5 48,4 49,3 50,1 51,2 52,5 53,3 54,0 55,3 56,2 57,0 58,4 59,5 60,0 61,1 62,5 63,2 64,3 65,3 66,2 67,0 68,3 69,3 70,4 71,4 72,4 73,1 74,2 75,1 76,3 77,4 78,0 79,5 80,5 81,4 82,4 83,3 84,5 85,5 86,2 87,3 88,0 89,3 90,4 91,5 92,3 93,4 94,1 95,3 96,2 97,1 98,0 99,0 100,4
66: 1,2 2,5 3,0 4,1 5,3 6,0 7,5 8,4 9,4 10,5 11,2 12,2 13,0 14,1 15,5 16,2 17,4 18,1 19,4 20,1 21,3 22,0 23,3 24,3 25,1 26,0 27,3 28,4 29,1 30,0 31,0 32,1 33,0 34,3 35,0 36,5 37,2 38,2 39,4 40,1 41,1 42,3 43,3 44,0 45,5 46,5 47,1 48,0 49,5 50,3 51,3 52,5 53,2 54,3 55,1 56,4 57,2 58,1 59,5 60,2 61,2 62,1 63,0 64,4 65,4 66,2 67,3 68,1 69,4 70,1 71,5 72,0 73,2 74,5 75,1 76,5 77,1 78,4 79,4 80,1 81,2 82,4 83,1 84,2 85,0 86,3 87,4 88,1 89,3 90,5 91,1 92,2 93,4 94,2 95,2 96,4 97,2 98,2 99,3 100,5
67: 1,3 2,3 3,4 4,1 5,0 6,3 7,3 8,2 9,1 10,2 11,5 12,2 13,1 14,1 15,1 16,1 17,2 18,1 19,3 20,0 21,4 22,5 23,2 24,5 25,3 26,2 27,4 28,2 29,4 30,5 31,5 32,1 33,3 34,1 35,2 36,5 37,3 38,0 39,4 40,2 41,1 42,0 43,1 44,4 45,2 46,0 47,0 48,1 49,5 50,1 51,4 52,1 53,0 54,1 55,2 56,4 57,4 58,3 59,0 60,1 61,2 62,4 63,2 64,1 65,1 66,2 67,0 68,3 69,0 70,5 71,1 72,4 73,2 74,3 75,3 76,0 77,4 78,5 79,0 80,1 81,4 82,2 83,0 84,5 85,5 86,0 87,0 88,4 89,4 90,1 91,4 92,0 93,1 94,2 95,2 96,4 97,4 98,1 99,0 100,2
68: 1,0 2,0 3,0 4,5 5,5 6,0 7,1 8,0 9,2 10,0 11,3 12,3 13,2 14,2 15,5 16,1 17,0 18,4 19,2 20,2 21,1 22,4 23,2 24,0 25,4 26,4 27,0 28,4 29,3 30,1 31,4 32,0 33,4 34,1 35,1 36,0 37,4 38,4 39,1 40,0 41,4 42,0 43,1 44,4 45,1 46,5 47,4 48,1 49,5 50,0 51,3 52,0 53,0 54,3 55,3 56,4 57,3 58,5 59,3 60,0 61,5 62,5 63,1 64,2 65,3 66,0 67,2 68,4 69,3 70,2 71,2 72,4 73,1 74,5 75,5 76,5 77,3 78,3 79,5 80,4 81,2 82,5 83,4 84,5 85,1 86,2 87,0 88,4 89,1 90,2 91,3 92,3 93,4 94,1 95,3 96,4 97,3 98,0 99,1 100,0
69: 1,3 2,5 3,5 4,2 5,2 6,2 7,0 8,1 9,0 10,5 11,0 12,4 13,2 14,4 15,0 16,2 17,4 18,2 19,3 20,0 21,5 22,5 23,0 24,0 25,5 26,0 27,0 28,5 29,3 30,1 31,0 32,4 33,3 34,4 35,5 36,5 37,3 38,1 39,0 40,3 41,1 42,5 43,0 44,5 45,3 46,3 47,5 48,3 49,2 50,2 51,2 52,2 53,5 54,5 55,5 56,5 57,5 58,0 59,2 60,1 61,4 62,1 63,2 64,4 65,2 66,3 67,2 68,1 69,3 70,2 71,5 72,0 73,3 74,0 75,1 76,4 77,0 78,3 79,3 80,2 81,5 82,0 83,2 84,0 85,3 86,5 87,3 88,1 89,4 90,0 91,5 92,5 93,4 94,3 95,2 96,1 97,3 98,3 99,3 100,3
70: 1,4 2,1 3,1 4,4 5,1 6,2 7,4 8,3 9,2 10,2 11,1 12,5 13,1 14,1 15,2 16,3 17,4 18,1 19,1 20,5 21,0 22,2 23,3 24,1 25,5 26,4 27,4 28,0 29,2 30,0 31,2 32,4 33,3 34,1 35,0 36,3 37,3 38,2 39,2 40,2 41,5 42,4 43,3 44,2 45,2 46,5 47,0 48,1 49,3 50,0 51,2 52,0 53,3 54,3 55,5 56,2 57,0 58,2 59,0 60,3 61,3 62,4 63,3 64,4 65,3 66,0 67,0 68,1 69,3 70,2 71,3 72,5 73,5 74,4 75,5 76,0 77,1 78,1 79,5 80,4 81,0 82,1 83,5 84,0 85,1 86,5 87,2 88,1 89,4 90,1 91,0 92,3 93,0 94,3 95,3 96,5 97,3 98,2 99,1 100,1
71: 1,3 2,4 3,1 4,5 5,5 6,2 7,5 8,5 9,5 10,2 11,4 12,0 13,0 14,4 15,4 16,0 17,4 18,2 19,5 20,2 21,3 22,3 23,2 24,4 25,4 26,2 27,0 28,0 29,1 30,1 31,0 32,0 33,2 34,0 35,3 36,4 37,1 38,2 39,5 40,4 41,1 42,0 43,2 44,3 45,1 46,0 47,0 48,3 49,5 50,3 51,3 52,0 53,5 54,4 55,1 56,4 57,5 58,2 59,1 60,2 61,5 62,4 63,4 64,3 65,5 66,2 67,2 68,2 69,1 70,3 71,5 72,0 73,0 74,0 75,4 76,3 77,5 78,5 79,0 80,5 81,5 82,3 83,2 84,3 85,3 86,5 87,4 88,2 89,4 90,0 91,5 92,4 93,4 94,4 95,2 96,5 97,3 98,2 99,2 100,2
72: 1,2 2,5 3,1 4,5 5,5 6,1 7,2 8,3 9,4 10,1 11,2 12,5 13,0 14,0 15,1 16,5 17,2 18,4 19,1 20,1 21,5 22,1 23,5 24,1 25,0 26,3 27,2 28,3 29,3 30,3 31,2 32,1 33,4 34,4 35,1 36,0 37,5 38,3 39,2 40,5 41,1 42,4 43,5 44,3 45,2 46,2 47,1 48,0 49,4 50,0 51,1 52,2 53,0 54,5 55,5 56,2 57,1 58,3 59,4 60,2 61,4 62,2 63,1 64,3 65,0 66,4 67,0 68,0 69,2 70,4 71,0 72,0 73,2 74,0 75,2 76,1 77,0 78,2 79,4 80,4 81,2 82,0 83,2 84,0 85,4 86,1 87,4 88,1 89,4 90,1 91,1 92,1 93,2 94,0 95,4 96,5 97,3 98,4 99,1 100,3
73: 1,0 2,4 3,4 4,3 5,3 6,1 7,5 8,1 9,4 10,5 11,3 12,4 13,2 14,0 15,4 16,2 17,2 18,1 19,3 20,5 21,0 22,5 23,1 24,2 25,0 26,2 27,1 28,1 29,2 30,2 31,1 32,2 33,3 34,5 35,5 36,5 37,0 38,3 39,2 40,5 41,4 42,3 43,2 44,3 45,0 46,1 47,5 48,1 49,4 50,4 51,1 52,2 53,3 54,1 55,2 56,0 57,2 58,2 59,3 60,3 61,3 62,0 63,1 64,2 65,2 66,1 67,1 68,0 69,1 70,5 71,5 72,3 73,3 74,4 75,4 76,4 77,5 78,4 79,4 80,4 81,2 82,5 83,5 84,2 85,1 86,0 87,2 88,3 89,5 90,2 91,2 92,3 93,0 94,4 95,1 96,3 97,5 98,4 99,5 100,5
74: 1,1 2,4 3,0 4,0 5,5 6,2 7,2 8,3 9,2 10,2 11,2 12,0 13,2 14,0 15,3 16,2 17,2 18,1 19,0 20,4 21,5 22,4 23,5 24,4 25,3 26,1 27,1 28,5 29,3 30,5 31,4 32,5 33,2 34,2 35,0 36,3 37,2 38,5 39,3 40,1 41,0 42,5 43,1 44,2 45,0 46,2 47,3 48,4 49,0 50,3 51,3 52,5 53,3 54,5 55,3 56,2 57,3 58,2 59,0 60,2 61,2 62,4 63,3 64,1 65,4 66,0 67,2 68,0 69,0 70,4 71,3 72,3 73,0 74,1 75,3 76,1 77,0 78,5 79,5 80,2 81,4 82,2 83,3 84,0 85,5 86,5 87,5 88,3 89,3 90,1 91,1 92,4 93,0 94,3 95,3 96,3 97,0 98,4 99,1 100,5
75: 1,4 2,4 3,5 4,5 5,1 6,0 7,2 8,5 9,3 10,3 11,3 12,2 13,3 14,5 15,0 16,5 17,0 18,1 19,5 20,4 21,0 22,2 23,2 24,2 25,1 26,4 27,3 28,2 29,0 30,0 31,5 32,0 33,0 34,5 35,4 36,1 37,2 38,0 39,2 40,3 41,4 42,3 43,4 44,4 45,1 46,5 47,2 48,1 49,0 50,0 51,2 52,0 53,1 54,0 55,1 56,1 57,1 58,3 59,2 60,1 61,2 62,3 63,1 64,4 65,2 66,0 67,1 68,4 69,4 70,5 71,4 72,5 73,2 74,3 75,4 76,3 77,5 78,4 79,4 80,1 81,5 82,0 83,1 84,3 85,2 86,3 87,4 88,5 89,3 90,2 91,1 92,5 93,1 94,0 95,4 96,0 97,5 98,3 99,1 100,5
76: 1,5 2,2 3,0 4,2 5,5 6,1 7,5 8,3 9,1 10,1 11,3 12,2 13,5 14,3 15,1 16,3 17,5 18,1 19,1 20,5 21,4 22,0 23,1 24,3 25,2 26,3 27,1 28,5 29,3 30,4 31,1 32,2 33,2 34,4 35,0 36,4 37,1 38,1 39,2 40,4 41,2 42,1 43,2 44,0 45,4 46,2 47,4 48,3 49,0 50,1 51,0 52,0 53,3 54,2 55,3 56,0 57,3 58,3 59,2 60,0 61,0 62,2 63,4 64,3 65,2 66,4 67,2 68,0 69,5 70,0 71,1 72,0 73,2 74,2 75,0 76,3 77,0 78,4 79,3 80,3 81,5 82,2 83,4 84,4 85,2 86,0 87,0 88,4 89,1 90,3 91,4 92,4 93,1 94,0 95,3 96,3 97,1 98,4 99,2 100,5
77: 1,5 2,3 3,1 4,0 5,0 6,5 7,5 8,5 9,4 10,5 11,2 12,2 13,5 14,2 15,4 16,1 17,0 18,5 19,5 20,4 21,2 22,4 23,0 24,3 25,5 26,3 27,2 28,5 29,1 30,2 31,0 32,4 33,3 34,4 35,0 36,4 37,5 38,5 39,1 40,1 41,1 42,1 43,3 44,5 45,0 46,4 47,4 48,2 49,2 50,1 51,4 52,2 53,5 54,2 55,2 56,1 57,4 58,0 59,3 60,1 61,4 62,0 63,2 64,5 65,0 66,4 67,0 68,2 69,3 70,2 71,3 72,4 73,1 74,5 75,1 76,2 77,5 78,4 79,1 80,2 81,1 82,3 83,1 84,4 85,0 86,0 87,0 88,2 89,4 90,3 91,4 92,4 93,0 94,4 95,1 96,4 97,0 98,2 99,4 100,4
78: 1,2 2,2 3,5 4,2 5,5 6,5 7,5 8,0 9,3 10,2 11,1 12,1 13,1 14,3 15,4 16,2 17,2 18,3 19,5 20,0 21,0 22,4 23,2 24,4 25,0 26,3 27,3 28,3 29,0 30,5 31,4 32,2 33,0 34,3 35,3 36,1 37,1 38,0 39,5 40,5 41,5 42,1 43,3 44,4 45,0 46,1 47,2 48,5 49,3 50,1 51,0 52,5 53,0 54,0 55,5 56,3 57,1 58,2 59,4 60,0 61,3 62,2 63,2 64,4 65,3 66,5 67,3 68,4 69,5 70,4 71,3 72,1 73,0 74,5 75,0 76,1 77,0 78,5 79,3 80,1 81,5 82,1 83,0 84,4 85,0 86,0 87,1 88,0 89,2 90,5 91,2 92,5 93,3 94,3 95,1 96,3 97,2 98,1 99,1 100,1
79: 1,5 2,0 3,1 4,2 5,0 6,0 7,5 8,4 9,2 10,0 11,2 12,1 13,4 14,2 15,3 16,3 17,4 18,3 19,2 20,5 21,3 22,3 23,0 24,5 25,4 26,0 27,0 28,3 29,4 30,4 31,0 32,5 33,3 34,4 35,3 36,1 37,4 38,2 39,1 40,2 41,0 42,3 43,5 44,4 45,5 46,2 47,0 48,0 49,2 50,2 51,2 52,3 53,5 54,0 55,2 56,3 57,1 58,1 59,4 60,0 61,5 62,2 63,0 64,0 65,1 66,2 67,3 68,2 69,3 70,5 71,3 72,0 73,3 74,1 75,2 76,1 77,3 78,2 79,2 80,2 81,3 82,3 83,4 84,2 85,5 86,5 87,2 88,4 89,2 90,1 91,1 92,1 93,5 94,3 95,2 96,4 97,3 98,1 99,2 100,3
80: 1,0 2,5 3,5 4,5 5,2 6,1 7,3 8,5 9,2 10,4 11,3 12,4 13,1 14,3 15,5 16,0 17,5 18,0 19,3 20,1 21,4 22,4 23,4 24,1 25,5 26,4 27,3 28,5 29,3 30,5 31,2 32,5 33,4 34,3 35,2 36,1 37,4 38,3 39,4 40,0 41,2 42,1 43,1 44,1 45,5 46,5 47,5 48,2 49,4 50,5 51,3 52,4 53,0 54,3 55,1 56,1 57,4 58,0 59,5 60,2 61,4 62,4 63,4 64,4 65,0 66,5 67,4 68,4 69,0 70,1 71,0 72,5 73,4 74,2 75,2 76,5 77,3 78,5 79,2 80,4 81,0 82,4 83,0 84,5 85,5 86,3 87,3 88,1 89,3 90,5 91,4 92,2 93,3 94,5 95,1 96,3 97,5 98,3 99,2 100,2
81: 1,2 2,5 3,2 4,3 5,1 6,0 7,5 8,2 9,2 10,4 11,1 12,5 13,0 14,0 15,2 16,3 17,5 18,2 19,5 20,1 21,3 22,0 23,3 24,5 25,4 26,4 27,5 28,1 29,0 30,2 31,1 32,5 33,4 34,0 35,2 36,2 37,1 38,2 39,3 40,4 41,3 42,3 43,1 44,0 45,4 46,4 47,5 48,0 49,4 50,0 51,0 52,4 53,5 54,1 55,2 56,5 57,3 58,1 59,2 60,4 61,2 62,5 63,2 64,4 65,5 66,1 67,0 68,4 69,1 70,4 71,0 72,5 73,1 74,4 75,2 76,0 77,4 78,3 79,3 80,0 81,2 82,4 83,0 84,1 85,1 86,3 87,0 88,0 89,1 90,3 91,0 92,5 93,4 94,2 95,1 96,0 97,4 98,5 99,5 100,0
82: 1,5 2,4 3,1 4,5 5,2 6,1 7,3 8,0 9,3 10,5 11,5 12,0 13,2 14,5 15,2 16,0 17,5 18,1 19,5 20,1 21,5 22,5 23,2 24,0 25,5 26,5 27,5 28,5 29,3 30,0 31,1 32,2 33,4 34,3 35,4 36,1 37,1 38,3 39,3 40,1 41,5 42,1 43,1 44,3 45,0 46,2 47,3 48,2 49,2 50,3 51,1 52,1 53,2 54,0 55,2 56,4 57,4 58,1 59,2 60,0 61,1 62,4 63,0 64,5 65,5 66,1 67,3 68,1 69,2 70,2 71,1 72,0 73,5 74,5 75,0 76,1 77,1 78,2 79,4 80,4 81,4 82,0 83,1 84,3 85,4 86,5 87,4 88,4 89,3 90,1 91,5 92,5 93,0 94,2 95,3 96,3 97,4 98,3 99,1 100,5
83: 1,3 2,4 3,5 4,4 5,2 6,1 7,2 8,3 9,3 10,4 11,5 12,5 13,0 14,0 15,0 16,0 17,4 18,1 19,0 20,1 21,2 22,3 23,3 24,1 25,4 26,2 27,3 28,3 29,3 30,1 31,0 32,3 33,2 34,5 35,0 36,0 37,5 38,5 39,1 40,2 41,5 42,0 43,5 44,4 45,3 46,3 47,4 48,5 49,0 50,0 51,0 52,0 53,0 54,0 55,1 56,5 57,4 58,1 59,3 60,2 61,3 62,5 63,1 64,2 65,3 66,2 67,2 68,1 69,5 70,5 71,0 72,3 73,2 74,4 75,2 76,3 77,2 78,3 79,1 80,2 81,2 82,4 83,3 84,2 85,0 86,2 87,2 88,5 89,2 90,2 91,3 92,0 93,0 94,4 95,5 96,3 97,4 98,3 99,0 100,5
84: 1,2 2,2 3,2 4,5 5,4 6,0 7,1 8,3 9,3 10,3 11,2 12,5 13,2 14,3 15,0 16,2 17,4 18,5 19,2 20,0 21,2 22,0 23,5 24,3 25,4 26,5 27,2 28,3 29,5 30,1 31,5 32,3 33,3 34,1 35,5 36,5 37,3 38,2 39,3 40,5 41,1 42,0 43,4 44,2 45,2 46,1 47,5 48,5 49,5 50,3 51,5 52,4 53,5 54,4 55,5 56,4 57,1 58,0 59,5 60,3 61,0 62,2 63,4 64,3 65,0 66,0 67,3 68,5 69,3 70,4 71,0 72,3 73,5 74,4 75,0 76,0 77,3 78,4 79,3 80,1 81,5 82,2 83,1 84,2 85,0 86,0 87,4 88,5 89,5 90,3 91,5 92,3 93,0 94,3 95,3 96,5 97,0 98,5 99,5 100,4
85: 1,5 2,2 3,3 4,4 5,1 6,1 7,5 8,2 9,0 10,4 11,4 12,3 13,5 14,1 15,0 16,5 17,1 18,3 19,2 20,4 21,4 22,0 23,3 24,4 25,4 26,3 27,0 28,4 29,1 30,4 31,5 32,3 33,4 34,3 35,1 36,5 37,1 38,3 39,2 40,4 41,2 42,4 43,3 44,3 45,0 46,3 47,4 48,1 49,5 50,2 51,1 52,2 53,3 54,4 55,4 56,5 57,4 58,5 59,3 60,3 61,1 62,0 63,0 64,0 65,2 66,5 67,1 68,5 69,1 70,2 71,0 72,0 73,5 74,2 75,5 76,3 77,3 78,3 79,3 80,3 81,1 82,2 83,5 84,4 85,0 86,5 87,0 88,1 89,5 90,1 91,2 92,1 93,5 94,5 95,2 96,0 97,5 98,2 99,5 100,4
86: 1,2 2,3 3,2 4,0 5,0 6,5 7,1 8,5 9,5 10,5 11,4 12,0 13,4 14,5 15,3 16,0 17,2 18,5 19,5 20,4 21,4 22,5 23,2 24,5 25,3 26,5 27,2 28,5 29,0 30,0 31,1 32,5 33,5 34,1 35,3 36,1 37,5 38,2 39,5 40,4 41,5 42,0 43,4 44,3 45,0 46,1 47,2 48,3 49,2 50,3 51,4 52,1 53,2 54,2 55,0 56,4 57,5 58,0 59,5 60,0 61,1 62,5 63,5 64,3 65,4 66,1 67,5 68,3 69,0 70,0 71,3 72,0 73,2 74,0 75,1 76,5 77,5 78,4 79,5 80,4 81,3 82,4 83,0 84,0 85,0 86,3 87,5 88,0 89,3 90,3 91,5 92,0 93,3 94,3 95,1 96,1 97,2 98,3 99,5 100,1
87: 1,4 2,2 3,1 4,4 5,0 6,1 7,2 8,0 9,5 10,3 11,3 12,3 13,2 14,0 15,2 16,3 17,0 18,5 19,1 20,3 21,1 22,1 23,2 24,3 25,3 26,1 27,2 28,1 29,5 30,2 31,3 32,0 33,5 34,5 35,1 36,2 37,4 38,4 39,0 40,3 41,1 42,5 43,1 44,4 45,1 46,0 47,2 48,0 49,3 50,3 51,0 52,3 53,3 54,4 55,0 56,1 57,1 58,1 59,0 60,3 61,5 62,2 63,2 64,0 65,4 66,2 67,2 68,2 69,5 70,4 71,0 72,3 73,3 74,5 75,4 76,2 77,2 78,1 79,4 80,0 81,1 82,4 83,2 84,5 85,5 86,3 87,5 88,1 89,1 90,5 91,4 92,4 93,1 94,1 95,3 96,5 97,0 98,0 99,2 100,2
88: 1,3 2,0 3,5 4,3 5,1 6,1 7,3 8,0 9,5 10,0 11,2 12,1 13,5 14,1 15,4 16,5 17,3 18,3 19,5 20,4 21,2 22,0 23,2 24,1 25,4 26,3 27,4 28,3 29,3 30,4 31,1 32,1 33,2 34,4 35,5 36,2 37,3 38,1 39,0 40,2 41,5 42,2 43,3 44,1 45,3 46,2 47,5 48,0 49,4 50,1 51,2 52,5 53,1 54,3 55,3 56,2 57,4 58,0 59,4 60,1 61,2 62,3 63,3 64,5 65,1 66,2 67,1 68,2 69,3 70,2 71,4 72,5 73,3 74,3 75,2 76,0 77,5 78,0 79,0 80,0 81,4 82,1 83,4 84,4 85,5 86,5 87,4 88,1 89,3 90,4 91,2 92,0 93,0 94,1 95,5 96,4 97,3 98,4 99,1 100,3
89: 1,3 2,2 3,0 4,5 5,2 6,2 7,2 8,3 9,0 10,2 11,5 12,3 13,1 14,4 15,0 16,3 17,2 18,0 19,1 20,5 21,5 22,1 23,2 24,3 25,5 26,3 27,0 28,2 29,5 30,3 31,2 32,5 33,1 34,0 35,1 36,5 37,1 38,1 39,4 40,0 41,2 42,0 43,4 44,2 45,5 46,2 47,3 48,0 49,3 50,3 51,4 52,4 53,2 54,2 55,0 56,0 57,5 58,4 59,0 60,1 61,5 62,5 63,5 64,0 65,1 66,4 67,2 68,2 69,1 70,1 71,1 72,0 73,3 74,0 75,1 76,4 77,5 78,4 79,5 80,2 81,1 82,4 83,3 84,4 85,3 86,3 87,2 88,3 89,2 90,1 91,2 92,2 93,2 94,3 95,0 96,3 97,2 98,0 99,3 100,1
90: 1,1 2,5 3,5 4,5 5,2 6,2 7,3 8,2 9,5 10,1 11,4 12,2 13,1 14,0 15,3 16,2 17,5 18,3 19,1 20,0 21,4 22,5 23,1 24,5 25,1 26,3 27,3 28,2 29,3 30,1 31,2 32,1 33,3 34,3 35,3 36,5 37,5 38,1 39,2 40,1 41,5 42,5 43,3 44,4 45,1 46,1 47,2 48,2 49,0 50,0 51,2 52,1 53,4 54,2 55,1 56,2 57,3 58,3 59,5 60,4 61,3 62,1 63,0 64,2 65,2 66,3 67,3 68,3 69,5 70,5 71,4 72,5 73,4 74,2 75,0 76,5 77,0 78,3 79,5 80,1 81,3 82,3 83,2 84,4 85,2 86,3 87,1 88,2 89,0 90,4 91,4 92,2 93,2 94,1 95,0 96,3 97,0 98,4 99,4 100,0
