# Copyright (C) 2016 Seoul National University
#
# Licensed under the Apache License, Version 2.0 (the "License");
# you may not use this file except in compliance with the License.
# You may obtain a copy of the License at
#
#        http://www.apache.org/licenses/LICENSE-2.0
#
# Unless required by applicable law or agreed to in writing, software
# distributed under the License is distributed on an "AS IS" BASIS,
# WITHOUT WARRANTIES OR CONDITIONS OF ANY KIND, either express or implied.
# See the License for the specific language governing permissions and
# limitations under the License.

# name: sample_lasso
# description: syntactic data for lasso regression
# Formed with model B = [1; 0; -2; 0; 3; 0; -4; 0; 5; 0], Y = X * B

91 19 26 16 28 54 56 56 24 95 19
62 38 72 43 83 89 60 35 88 30 367
6 86 3 72 88 39 79 10 91 92 403
68 61 27 3 79 71 29 7 97 85 620
54 94 58 47 15 11 52 53 12 15 -165
86 39 96 30 53 76 25 15 17 77 38
26 3 2 45 67 89 79 58 28 10 47
33 90 52 76 32 79 16 64 65 92 286
42 93 63 1 100 38 16 100 35 82 327
86 37 73 64 15 95 9 69 12 83 9
8 15 16 42 68 13 18 25 93 5 573
34 86 17 5 97 35 82 69 14 22 33
44 71 62 50 66 75 12 73 71 66 425
72 99 67 99 76 56 74 93 83 91 285
43 1 10 52 47 53 99 35 87 46 203
83 96 84 20 9 93 5 65 31 29 77
81 74 41 26 17 34 72 67 89 5 207
43 55 20 82 60 89 83 61 53 76 116
34 4 37 39 76 19 66 21 67 92 259
30 96 18 54 14 6 81 74 41 13 -83
14 10 61 58 78 31 9 25 79 43 485
18 85 86 74 99 19 27 56 42 58 245
30 8 21 87 28 30 73 72 58 34 70
70 6 87 92 83 58 69 76 22 14 -21
41 46 91 10 91 74 59 43 92 16 356
69 32 81 15 62 3 86 1 39 61 -56
90 7 98 46 85 64 85 64 62 65 119
66 84 32 72 50 58 25 97 9 75 97
99 26 43 8 59 41 71 57 53 94 171
83 17 66 40 20 87 18 67 37 37 124
78 57 18 3 47 11 83 49 20 87 -49
50 8 38 80 31 63 8 7 4 65 55
56 37 90 51 24 25 34 21 21 25 -83
96 76 26 53 70 45 76 24 8 10 -10
22 17 57 65 35 97 61 87 46 70 -1
23 66 56 37 33 12 6 89 16 97 66
45 41 26 34 60 11 35 82 2 93 43
49 41 62 84 2 60 37 60 60 100 83
3 16 73 91 42 82 39 33 35 27 2
88 77 98 36 15 28 39 32 50 53 31
37 10 4 62 39 21 78 90 88 1 274
66 86 36 42 100 55 10 98 5 63 279
11 4 22 95 78 28 97 13 21 43 -82
13 97 68 9 83 31 93 81 98 89 244
56 52 45 63 92 74 74 78 80 96 346
31 61 71 99 85 22 5 99 62 49 434
60 76 14 76 47 84 52 97 32 69 125
79 84 40 84 44 56 39 69 19 76 70
56 11 77 84 79 88 5 86 86 34 549
83 60 51 59 13 34 62 78 57 92 57
84 14 83 9 90 55 70 100 34 77 78
2 33 44 17 38 79 40 26 34 95 38
76 53 51 4 85 41 60 54 39 76 184
83 94 23 5 100 59 71 49 30 3 203
34 53 4 18 20 98 1 13 35 98 257
54 4 100 61 8 65 8 73 90 4 296
87 74 63 58 88 99 17 15 5 64 182
48 27 41 84 44 95 84 79 25 43 -113
28 17 86 21 62 94 60 30 86 35 232
34 34 88 83 43 4 7 29 37 74 144
11 80 18 1 87 73 52 86 91 11 483
26 4 26 24 29 69 94 30 16 92 -235
32 48 49 24 23 62 5 66 43 63 198
21 33 6 67 79 17 64 76 9 7 35
98 45 40 65 53 91 81 72 92 19 313
45 68 98 76 75 18 20 36 64 96 314
96 13 33 96 49 5 70 33 36 13 77
5 26 83 13 43 55 60 32 16 62 -192
90 71 60 17 93 80 86 83 1 35 -90
55 32 97 57 54 52 92 81 78 19 45
74 60 24 70 49 85 73 57 88 63 321
54 59 11 95 83 79 77 37 26 33 103
83 9 70 13 23 67 16 63 14 9 18
55 97 60 48 82 38 72 17 13 47 -42
91 70 78 28 91 79 61 71 34 70 134
4 18 45 75 34 29 72 73 29 96 -127
69 40 84 27 20 57 67 79 72 71 53
87 54 65 56 44 23 26 97 18 58 75
33 83 16 16 36 73 37 51 1 4 -34
59 30 92 44 67 44 31 13 28 5 92
52 12 90 59 100 38 56 8 77 82 333
8 69 86 61 61 84 31 61 32 82 55
32 68 52 55 39 83 44 57 77 62 254
78 81 56 89 9 52 84 53 2 40 -333
60 100 94 13 67 59 11 6 25 2 154
21 86 12 43 100 49 59 50 69 29 406
10 70 80 24 59 36 91 93 61 5 -32
63 18 31 21 67 9 38 8 24 79 170
63 75 58 15 68 92 30 9 43 75 246
3 72 66 11 50 6 81 35 93 1 162
38 97 51 88 68 19 78 65 28 32 -32
96 80 77 23 37 22 99 64 98 97 147
55 95 30 96 40 91 12 33 72 8 427
24 8 12 38 91 59 43 34 47 1 336
31 67 39 42 32 74 17 87 9 60 26
6 43 79 90 21 17 15 72 41 98 56
11 67 93 70 93 96 65 35 98 32 334
32 21 30 12 54 34 80 100 10 16 -136
33 39 87 86 82 99 67 58 35 94 12
66 99 53 74 17 68 11 91 36 36 147
90 48 6 23 53 69 78 41 79 19 320
43 54 62 56 51 31 28 25 63 91 275
32 88 73 99 50 76 7 89 9 29 53
73 25 87 90 2 82 98 1 65 39 -162
44 52 93 87 45 89 76 17 44 65 -91
57 66 85 38 20 70 13 81 70 13 245
27 67 2 50 82 62 96 35 7 9 -80
32 20 5 61 48 33 35 69 61 20 331
83 28 5 20 36 90 68 3 73 92 274
57 90 16 80 89 40 52 68 24 82 204
78 61 14 66 61 90 73 18 5 56 -34
92 5 70 76 12 93 75 25 19 43 -217
3 97 5 12 73 86 43 35 26 76 170
41 14 17 3 21 16 1 18 53 16 331
25 92 41 49 69 3 27 35 15 17 117
14 55 39 11 5 42 66 54 91 16 142
1 58 37 91 81 51 88 25 22 70 -72
11 13 72 63 10 80 65 99 88 66 77
42 34 23 55 45 63 56 86 95 95 382
4 34 71 95 74 76 48 42 53 14 157
23 47 74 26 81 96 77 2 7 23 -155
58 26 100 75 89 49 2 63 66 93 447
66 38 39 7 96 57 22 16 86 79 618
93 70 50 20 48 51 45 13 50 10 207
4 48 25 67 62 98 57 12 38 97 102
5 60 19 17 84 76 34 74 73 44 448
52 56 99 99 24 65 79 67 90 65 60
81 29 98 41 60 10 57 36 51 85 92
58 88 84 49 7 58 22 42 71 71 178
65 31 21 74 19 87 24 95 21 83 89
33 54 78 56 62 36 99 21 70 58 17
45 49 50 69 50 52 96 77 87 17 146
25 50 97 75 32 40 32 100 27 33 -66
15 15 78 96 6 75 46 45 10 59 -257
65 67 80 61 83 50 90 29 20 5 -106
8 98 28 65 77 83 98 61 89 40 236
21 62 1 94 42 100 91 39 23 10 -104
68 78 61 81 90 95 78 42 84 87 324
62 13 6 80 65 25 76 59 66 3 271
43 90 60 40 38 42 40 64 20 8 -23
40 94 34 9 31 3 87 38 8 54 -243
96 89 54 97 69 50 83 56 48 6 103
67 45 44 36 37 38 8 64 14 41 128
69 98 34 80 91 49 32 33 56 45 426
83 49 54 78 62 84 30 19 56 2 321
37 20 19 57 50 57 38 11 74 8 367
64 20 84 43 9 71 14 98 29 19 12
26 31 13 50 40 44 90 3 85 97 185
91 41 18 11 51 21 39 45 82 44 462
8 43 44 53 87 43 1 31 68 38 517
23 47 92 86 7 30 89 99 65 71 -171
69 70 72 55 77 32 7 67 35 1 303
30 39 24 21 78 67 16 69 71 22 507
44 20 35 11 1 48 89 34 55 79 -104
78 63 41 55 46 54 37 94 8 14 26
97 40 59 71 9 97 62 66 51 4 13
43 75 45 44 83 51 81 49 59 16 173
32 58 72 96 92 83 87 84 99 62 311
92 38 80 73 88 64 4 12 76 82 560
14 34 60 26 39 58 59 99 38 80 -35
37 83 25 55 30 84 51 94 37 79 58
15 3 94 1 99 29 62 17 79 33 271
91 51 22 14 28 98 46 65 42 40 157
3 85 62 15 35 82 95 56 10 12 -346
52 78 70 3 17 21 61 37 6 95 -251
41 62 96 62 47 80 91 66 15 43 -299
63 47 20 93 27 1 6 29 51 51 335
45 40 45 55 83 46 40 29 13 5 109
76 44 57 39 17 40 31 3 43 20 104
20 27 100 49 94 77 18 87 85 38 455
78 61 53 12 24 70 66 12 38 2 -30
3 22 24 86 7 79 58 31 38 98 -66
11 32 43 25 21 97 55 58 84 14 188
39 85 7 8 32 13 54 55 33 50 70
81 30 4 1 25 80 93 14 25 16 -99
93 93 35 19 19 58 7 91 34 92 222
6 74 51 83 27 71 78 90 33 2 -162
16 5 64 24 100 49 47 45 67 24 335
36 75 12 42 97 72 52 33 18 12 185
67 65 99 32 96 35 99 98 83 70 176
12 15 94 68 37 47 41 93 5 82 -204
84 4 76 94 77 24 86 68 22 45 -71
23 74 55 59 12 80 90 46 79 57 -16
92 59 11 5 30 14 68 100 83 45 303
74 60 61 70 22 8 89 11 95 23 137
43 53 26 81 63 33 62 11 78 76 322
72 82 78 23 29 62 60 73 27 75 -102
85 51 74 33 76 59 29 76 8 55 89
96 28 74 70 16 79 9 30 12 62 20
24 44 52 9 92 20 91 65 79 56 227
34 27 45 89 26 37 23 100 83 97 345
1 48 69 39 74 20 72 74 75 44 172
27 71 16 12 89 100 66 6 60 30 298
72 62 34 71 26 4 96 81 54 93 -32
71 65 35 31 30 87 14 28 44 32 255
98 86 97 92 20 34 74 41 41 48 -127
36 63 13 16 31 51 88 77 94 40 221
18 98 49 24 2 61 61 79 26 60 -188
45 92 42 25 25 43 78 86 32 7 -116
66 100 95 79 14 95 85 33 2 65 -412
63 93 36 41 86 56 85 80 15 6 -16
4 90 59 88 17 68 58 24 48 8 -55
62 52 44 10 65 66 91 90 81 1 210
84 18 4 15 28 63 62 39 57 71 197
98 47 56 47 27 9 81 8 24 78 -137
70 78 93 9 16 57 100 77 71 80 -113
72 7 50 29 1 7 95 58 87 30 30
70 5 56 1 89 8 19 68 15 17 224
97 16 64 16 54 61 79 98 86 15 245
48 4 77 6 57 15 89 19 47 6 -56
72 39 36 26 33 37 99 54 52 94 -37
34 16 1 10 65 69 60 4 31 59 142
41 24 59 92 23 85 84 24 92 7 116
77 71 92 14 74 79 96 31 45 2 -44
33 14 38 12 74 24 94 78 92 15 263
94 64 27 98 29 76 77 94 99 1 314
12 10 40 65 74 1 99 40 72 41 118
65 53 3 81 65 88 85 39 22 72 24
28 27 57 12 9 15 84 79 100 78 105
100 40 24 51 15 42 84 96 89 17 206
48 27 76 36 24 59 93 85 22 51 -294
55 66 72 100 22 24 53 4 44 16 -15
10 36 74 66 58 78 1 73 99 44 527
29 52 84 11 4 69 24 10 48 50 17
79 94 74 27 28 47 64 55 74 28 129
50 20 77 18 34 31 93 39 11 50 -319
53 88 89 42 38 2 29 90 40 59 73
75 58 18 11 74 77 97 81 19 26 -32
22 43 17 24 33 46 78 91 92 30 235
60 69 87 78 3 20 72 75 56 65 -113
49 57 33 34 82 87 98 53 41 54 42
23 53 16 59 70 72 97 44 76 40 193
15 21 67 51 10 73 80 15 5 4 -384
84 25 80 76 100 20 2 40 5 10 241
83 4 26 71 32 47 50 57 4 54 -53
43 63 85 47 50 4 43 67 60 93 151
5 68 86 14 41 52 56 7 77 53 117
80 87 3 24 87 16 2 45 57 50 612
93 34 76 40 43 78 45 12 94 48 360
6 42 74 91 6 45 2 10 39 58 63
47 15 89 47 64 28 27 79 78 30 343
9 1 66 77 98 69 20 1 69 70 436
2 85 53 33 35 80 56 96 91 67 232
32 76 25 86 26 56 75 5 64 38 80
16 71 61 42 99 88 68 34 37 89 104
89 73 25 92 80 49 91 77 33 4 80
36 40 85 67 39 61 1 49 4 94 -1
25 38 96 36 65 37 56 62 26 62 -66
4 41 19 53 7 74 59 85 26 97 -119
72 48 37 41 91 50 62 50 48 5 263
76 94 5 2 100 41 6 23 66 5 672
49 66 37 17 67 40 61 49 5 81 -43
89 58 32 98 74 95 82 53 82 35 329
19 100 21 8 76 23 1 83 33 81 366
97 14 37 7 89 27 2 2 29 29 427
62 22 42 81 50 100 24 62 41 71 237
49 34 89 66 24 20 84 81 33 85 -228
39 17 91 16 68 81 58 87 65 17 154
76 10 54 31 78 18 71 66 10 30 -32
2 45 6 19 8 67 64 27 11 5 -187
90 92 38 73 93 9 62 8 82 43 455
53 54 67 68 55 98 85 56 12 33 -196
78 25 83 72 55 28 83 36 13 51 -190
24 49 50 98 90 59 41 52 31 79 185
48 46 61 20 32 19 1 92 60 77 318
97 39 19 4 91 90 4 70 45 64 541
16 29 71 20 78 6 89 99 32 16 -88
98 1 62 89 72 81 2 49 68 54 522
86 84 72 51 76 30 47 29 57 81 267
11 13 9 91 99 68 33 10 58 46 448
95 57 15 57 72 20 71 26 41 25 202
82 89 76 49 32 64 26 77 54 41 192
62 1 28 18 20 79 95 99 67 100 21
76 8 16 15 88 12 88 80 91 77 411
71 18 19 82 43 38 36 100 74 36 388
48 64 6 93 56 26 91 98 2 69 -150
58 46 62 32 12 82 75 96 49 89 -85
68 87 57 45 26 99 22 57 19 13 39
39 39 85 93 22 53 3 84 26 71 53
29 79 14 77 49 74 69 72 45 49 97
55 74 42 63 28 76 28 89 5 45 -32
38 59 88 54 67 97 34 68 44 82 147
9 44 21 23 58 12 32 68 67 52 348
54 93 82 80 21 63 78 14 2 75 -349
97 27 16 64 33 13 66 35 98 3 390
84 78 72 59 90 4 100 17 9 41 -145
100 19 92 61 48 83 77 96 18 41 -158
100 98 50 3 99 44 27 28 95 96 664
9 25 48 93 35 92 71 7 81 40 139
60 31 51 19 53 54 44 17 98 45 431
5 16 42 96 29 75 14 69 55 25 227
26 8 86 52 80 23 39 28 18 49 28
30 65 15 97 38 43 49 33 9 80 -37
75 10 62 22 8 29 30 98 46 89 85
53 44 65 14 51 26 5 20 15 19 131
68 17 51 86 85 31 33 30 57 86 374
74 35 19 24 80 100 10 94 78 80 626
74 100 21 85 85 83 19 5 46 33 441
54 78 63 85 1 72 22 52 65 66 168
21 81 61 60 14 51 31 77 14 17 -113
13 97 48 81 33 7 5 74 25 8 121
12 7 43 21 7 3 30 14 66 27 157
59 12 93 64 92 21 7 38 79 54 516
11 2 54 87 63 97 35 47 51 44 207
20 12 75 48 83 77 85 59 87 87 214
20 57 67 32 5 30 39 7 83 40 160
87 93 94 68 72 1 23 17 49 42 268
29 33 69 66 62 38 11 51 20 34 133
68 42 22 79 15 7 86 59 58 39 15
2 88 5 85 58 87 92 66 75 10 173
84 84 63 43 32 91 72 72 5 58 -209
87 35 34 38 25 87 30 91 27 69 109
35 82 82 39 69 14 11 74 12 44 94
12 79 84 100 95 82 95 86 10 96 -201
87 94 80 44 73 38 1 92 77 36 527
47 82 3 67 24 1 71 89 49 93 74
28 56 5 46 75 61 4 97 84 95 647
34 38 43 67 59 5 73 19 79 60 228
99 91 31 43 40 66 92 11 63 29 104
79 98 70 5 84 4 60 30 72 69 311
5 79 46 85 50 11 72 44 68 69 115
26 34 85 49 55 14 21 72 58 56 227
63 65 28 77 55 63 40 43 66 85 342
80 88 58 22 92 45 100 12 65 29 165
17 96 83 81 31 12 95 33 10 93 -386
27 89 76 16 26 77 8 88 16 2 1
87 99 24 7 40 20 73 16 70 41 217
72 26 81 31 52 19 93 14 72 88 54
44 28 91 63 65 41 13 100 88 100 445
64 68 65 95 45 44 51 99 12 10 -75
95 76 34 55 60 56 76 92 52 62 163
45 57 39 64 49 21 46 12 37 22 115
62 61 81 90 24 39 44 66 77 91 181
45 36 20 10 77 37 5 78 1 93 221
12 33 4 63 87 6 80 67 36 67 125
22 63 61 73 35 59 84 52 74 93 39
6 98 5 77 40 33 49 60 81 88 325
92 84 85 6 66 64 35 37 12 99 40
49 83 32 6 72 31 22 30 22 38 223
2 27 48 38 48 23 14 75 98 98 484
51 76 44 26 87 69 71 47 85 23 365
73 92 57 46 35 23 42 33 11 55 -49
45 42 96 48 27 95 5 20 33 20 79
16 76 22 44 65 54 18 8 97 58 580
68 62 97 47 72 63 72 38 24 43 -78
28 21 45 61 39 53 11 79 14 50 81
38 54 70 53 61 91 1 79 66 22 407
99 74 47 54 10 97 95 15 76 45 35
30 12 2 40 15 24 17 92 66 77 333
9 89 18 93 38 13 7 33 87 36 494
50 45 92 77 65 94 25 62 23 35 76
90 79 82 88 73 63 36 33 74 8 371
86 52 31 44 39 90 34 28 56 54 285
70 44 78 10 99 29 43 58 98 92 529
54 24 63 21 51 97 93 72 62 20 19
19 97 98 65 96 66 98 60 20 29 -181
100 71 2 43 49 70 94 48 74 78 237
59 95 22 93 73 2 11 98 28 63 330
48 14 16 10 49 46 83 33 22 12 -59
36 72 80 20 23 87 60 55 12 42 -235
59 41 25 1 69 96 54 17 10 80 50
58 30 26 63 49 47 99 54 5 19 -218
30 93 80 77 98 83 18 12 7 17 127
70 40 11 67 89 52 63 22 8 51 103
10 86 45 76 71 1 30 39 68 52 353
18 33 84 40 14 76 36 29 75 50 123
75 39 16 73 89 71 55 67 36 97 270
3 46 87 51 79 42 87 65 15 19 -207
89 91 53 81 92 36 22 30 20 44 271
92 100 83 68 60 23 96 24 12 89 -218
32 95 12 37 24 33 35 71 100 43 440
22 74 14 29 25 76 26 58 23 16 80
80 11 69 90 74 85 5 68 21 83 249
93 86 83 71 86 75 33 12 71 20 408
24 90 32 24 34 47 47 54 48 95 114
77 39 56 11 31 65 67 83 49 62 35
90 65 51 78 72 82 22 99 57 66 401
50 39 38 90 5 10 41 35 43 76 40
23 64 12 33 61 26 84 16 82 73 256
57 76 74 7 50 14 54 14 21 15 -52
10 54 78 81 40 82 29 22 58 81 148
59 98 42 19 62 54 42 83 28 43 133
6 47 14 100 73 62 68 6 32 27 85
1 94 95 82 41 66 2 91 80 4 326
9 30 63 90 73 82 15 59 95 41 517
38 39 88 86 65 14 64 57 57 20 86
43 30 72 48 48 85 32 34 39 70 110
82 11 53 21 2 84 1 6 18 86 68
29 28 59 60 41 2 12 58 35 61 161
51 90 33 11 54 29 53 26 79 46 330
36 68 16 67 47 44 20 39 55 76 340
17 40 78 93 46 69 55 84 54 26 49
93 3 78 99 58 82 34 42 100 49 475
72 26 60 72 82 24 93 33 16 60 -94
33 73 98 29 90 88 98 61 36 50 -105
60 75 47 77 75 92 84 22 63 13 170
82 74 79 100 54 45 72 53 76 45 178
6 51 81 79 43 74 68 21 19 84 -204
92 58 96 46 29 51 34 33 63 41 166
76 68 27 97 79 44 87 9 52 71 171
43 41 39 82 48 89 43 97 8 49 -23
37 95 58 39 40 67 17 20 72 94 333
85 79 58 63 16 12 45 47 88 56 277
84 8 3 53 76 33 91 91 57 46 227
44 65 91 36 79 26 82 23 71 99 126
72 25 85 56 10 8 77 39 93 49 89
32 33 74 13 46 78 20 23 52 10 202
53 35 63 67 40 4 8 96 84 25 435
80 54 9 74 8 87 25 3 19 3 81
7 78 47 80 91 3 54 50 25 1 95
2 75 46 85 72 7 16 37 86 83 492
36 60 11 55 43 97 82 13 48 81 55
62 59 87 34 42 84 72 78 75 91 101
18 13 42 61 67 99 47 15 73 28 312
52 22 13 62 36 64 27 90 11 43 81
66 14 52 23 31 10 68 97 14 8 -147
25 29 77 98 41 86 38 29 81 47 247
32 34 66 66 78 28 11 72 11 53 145
87 9 54 37 53 57 48 84 100 27 446
35 32 73 57 15 71 61 30 45 85 -85
59 3 64 66 1 18 41 43 11 17 -175
9 2 5 28 67 78 57 61 67 87 307
58 15 65 54 32 25 12 15 67 91 311
17 37 1 37 78 97 19 19 21 87 278
37 65 24 49 71 50 59 70 77 35 351
8 60 53 21 22 44 35 41 20 25 -72
60 20 87 2 21 41 85 79 27 42 -256
36 19 43 30 23 92 66 7 76 9 135
45 98 29 40 100 45 81 42 24 21 83
86 17 10 43 70 30 93 52 32 73 64
85 9 16 91 93 79 62 73 30 68 234
26 8 17 99 34 85 13 29 99 11 537
13 41 62 92 49 96 28 61 68 41 264
74 24 55 65 29 29 65 19 83 33 206
49 79 64 38 44 91 63 22 79 77 196
73 29 70 95 53 100 64 17 40 32 36
21 39 46 20 22 95 67 94 100 79 227
51 25 29 58 84 89 75 35 8 51 -15
12 86 19 60 8 44 16 64 6 46 -36
41 76 46 44 57 15 56 75 41 2 101
2 82 90 63 88 46 17 67 52 72 278
49 63 32 39 82 87 23 57 38 99 329
89 95 58 35 79 59 26 49 40 33 306
27 16 33 27 3 66 46 85 97 47 271
98 62 44 52 97 9 3 22 73 98 654
31 18 61 8 88 68 23 29 11 12 136
69 68 31 1 7 58 42 75 73 94 225
71 65 59 2 83 53 26 62 46 27 328
60 8 11 3 33 8 89 49 48 47 21
57 30 60 71 41 51 78 96 28 59 -112
95 13 19 86 52 69 20 57 9 7 178
84 19 56 80 69 38 82 18 27 35 -14
20 48 74 20 3 84 18 29 99 9 304
87 87 23 55 90 99 28 14 34 4 369
2 89 15 34 75 71 93 34 87 73 260
16 51 53 44 90 29 73 93 26 87 18
15 59 96 48 70 25 40 5 23 21 -12
25 96 41 44 16 56 92 77 74 53 -7
47 22 88 39 26 93 2 42 99 74 436
42 48 98 43 95 41 58 32 10 14 -51
30 7 1 52 55 89 74 2 22 92 7
56 86 34 3 20 77 32 26 100 89 420
39 41 34 1 6 24 70 88 85 26 134
82 82 3 6 92 45 69 99 1 31 81
61 85 81 26 65 39 85 79 62 20 64
98 8 38 18 20 91 26 11 65 95 303
41 49 37 75 14 6 6 98 32 29 145
71 48 27 10 20 28 40 86 29 97 62
58 62 38 84 16 80 88 11 57 4 -37
18 43 54 83 96 9 44 64 49 32 267
67 71 59 8 100 24 81 11 75 50 300
56 91 20 94 51 89 4 45 60 85 453
38 82 81 73 8 51 37 46 16 72 -168
78 74 72 51 79 80 20 79 74 87 461
83 24 92 84 100 78 6 43 1 84 180
76 29 77 70 7 29 53 26 32 50 -109
19 21 40 66 27 54 77 39 72 87 72
38 83 30 4 45 46 90 63 85 28 178
60 35 59 11 91 1 47 72 64 79 347
58 88 85 20 58 78 6 6 26 6 168
37 94 72 92 48 93 74 72 52 92 1
8 67 82 41 41 74 80 66 50 44 -103
80 56 73 31 12 16 96 13 82 31 -4
1 91 79 34 83 51 7 19 14 14 134
84 52 51 51 54 69 25 71 68 46 384
47 86 36 85 48 59 58 84 91 6 342
46 81 88 94 10 62 93 22 52 4 -212
62 77 41 24 81 41 81 98 92 79 359
96 70 16 67 4 19 25 24 22 69 86
24 36 86 30 70 83 57 97 88 6 274
3 88 58 6 82 51 23 91 93 62 506
38 55 52 72 98 77 15 8 75 40 543
96 59 7 32 88 40 79 9 49 66 275
18 24 2 44 34 15 52 24 13 80 -27
95 87 83 5 21 75 32 78 25 26 -11
41 18 56 12 93 69 63 1 59 49 251
27 54 60 21 9 15 22 3 75 67 221
24 76 74 57 27 17 64 53 88 92 141
3 36 5 1 76 34 6 9 34 50 367
21 52 45 68 82 57 45 59 12 71 57
