# Copyright (C) 2016 Seoul National University
#
# Licensed under the Apache License, Version 2.0 (the "License");
# you may not use this file except in compliance with the License.
# You may obtain a copy of the License at
#
#        http://www.apache.org/licenses/LICENSE-2.0
#
# Unless required by applicable law or agreed to in writing, software
# distributed under the License is distributed on an "AS IS" BASIS,
# WITHOUT WARRANTIES OR CONDITIONS OF ANY KIND, either express or implied.
# See the License for the specific language governing permissions and
# limitations under the License.

# name: sample_recommendation
# description: sample data for matrix factorization (100 x 100) with values in range [0, 5]
1 1 0
1 2 5
1 3 1
1 4 0
1 5 0
1 6 1
1 7 3
1 8 1
1 9 5
1 10 2
1 11 3
1 12 3
1 13 4
1 14 2
1 15 1
1 16 1
1 17 0
1 18 4
1 19 3
1 20 1
1 21 3
1 22 5
1 23 4
1 24 3
1 25 0
1 26 2
1 27 1
1 28 3
1 29 5
1 30 2
1 31 2
1 32 4
1 33 2
1 34 1
1 35 0
1 36 3
1 37 1
1 38 3
1 39 3
1 40 2
1 41 4
1 42 0
1 43 3
1 44 1
1 45 0
1 46 5
1 47 0
1 48 4
1 49 3
1 50 4
1 51 4
1 52 3
1 53 5
1 54 0
1 55 0
1 56 5
1 57 1
1 58 3
1 59 1
1 60 1
1 61 2
1 62 4
1 63 2
1 64 1
1 65 5
1 66 0
1 67 2
1 68 0
1 69 4
1 70 3
1 71 0
1 72 3
1 73 1
1 74 4
1 75 5
1 76 0
1 77 0
1 78 0
1 79 4
1 80 3
1 81 4
1 82 4
1 83 0
1 84 3
1 85 5
1 86 1
1 87 2
1 88 0
1 89 2
1 90 4
1 91 1
1 92 5
1 93 3
1 94 1
1 95 0
1 96 3
1 97 3
1 98 2
1 99 2
1 100 0
2 1 4
2 2 4
2 3 5
2 4 4
2 5 2
2 6 2
2 7 5
2 8 5
2 9 2
2 10 2
2 11 3
2 12 3
2 13 4
2 14 1
2 15 2
2 16 2
2 17 4
2 18 1
2 19 4
2 20 4
2 21 3
2 22 0
2 23 4
2 24 4
2 25 3
2 26 5
2 27 2
2 28 5
2 29 3
2 30 1
2 31 1
2 32 4
2 33 2
2 34 5
2 35 4
2 36 1
2 37 4
2 38 1
2 39 3
2 40 1
2 41 1
2 42 4
2 43 3
2 44 4
2 45 2
2 46 3
2 47 3
2 48 3
2 49 3
2 50 4
2 51 4
2 52 1
2 53 2
2 54 2
2 55 4
2 56 3
2 57 5
2 58 3
2 59 2
2 60 2
2 61 4
2 62 1
2 63 5
2 64 5
2 65 5
2 66 2
2 67 2
2 68 2
2 69 3
2 70 2
2 71 2
2 72 3
2 73 1
2 74 0
2 75 5
2 76 4
2 77 5
2 78 2
2 79 5
2 80 5
2 81 0
2 82 5
2 83 0
2 84 1
2 85 3
2 86 4
2 87 0
2 88 4
2 89 0
2 90 1
2 91 3
2 92 0
2 93 5
2 94 5
2 95 4
2 96 2
2 97 4
2 98 4
2 99 1
2 100 2
3 1 4
3 2 3
3 3 2
3 4 4
3 5 2
3 6 1
3 7 3
3 8 2
3 9 1
3 10 2
3 11 3
3 12 0
3 13 5
3 14 0
3 15 1
3 16 3
3 17 0
3 18 3
3 19 5
3 20 3
3 21 5
3 22 4
3 23 0
3 24 0
3 25 5
3 26 5
3 27 1
3 28 1
3 29 1
3 30 0
3 31 5
3 32 0
3 33 2
3 34 3
3 35 4
3 36 5
3 37 3
3 38 3
3 39 1
3 40 2
3 41 0
3 42 2
3 43 5
3 44 1
3 45 0
3 46 3
3 47 1
3 48 5
3 49 3
3 50 1
3 51 3
3 52 2
3 53 1
3 54 2
3 55 5
3 56 5
3 57 3
3 58 5
3 59 4
3 60 3
3 61 1
3 62 0
3 63 5
3 64 1
3 65 4
3 66 3
3 67 1
3 68 0
3 69 5
3 70 1
3 71 5
3 72 5
3 73 1
3 74 4
3 75 5
3 76 5
3 77 1
3 78 1
3 79 1
3 80 3
3 81 3
3 82 2
3 83 4
3 84 1
3 85 4
3 86 4
3 87 4
3 88 0
3 89 2
3 90 5
3 91 2
3 92 3
3 93 5
3 94 2
3 95 1
3 96 3
3 97 0
3 98 5
3 99 1
3 100 3
4 1 4
4 2 0
4 3 5
4 4 3
4 5 3
4 6 0
4 7 4
4 8 4
4 9 3
4 10 1
4 11 4
4 12 2
4 13 0
4 14 3
4 15 4
4 16 0
4 17 2
4 18 1
4 19 2
4 20 4
4 21 1
4 22 1
4 23 4
4 24 1
4 25 3
4 26 4
4 27 1
4 28 3
4 29 5
4 30 5
4 31 1
4 32 4
4 33 5
4 34 5
4 35 4
4 36 1
4 37 0
4 38 4
4 39 4
4 40 4
4 41 3
4 42 3
4 43 0
4 44 0
4 45 0
4 46 3
4 47 1
4 48 2
4 49 2
4 50 3
4 51 5
4 52 0
4 53 5
4 54 4
4 55 2
4 56 5
4 57 0
4 58 5
4 59 5
4 60 3
4 61 5
4 62 1
4 63 5
4 64 2
4 65 0
4 66 0
4 67 4
4 68 4
4 69 1
4 70 2
4 71 5
4 72 0
4 73 2
4 74 2
4 75 4
4 76 5
4 77 2
4 78 2
4 79 0
4 80 1
4 81 0
4 82 0
4 83 5
4 84 1
4 85 1
4 86 4
4 87 2
4 88 5
4 89 3
4 90 1
4 91 4
4 92 4
4 93 2
4 94 1
4 95 2
4 96 3
4 97 4
4 98 2
4 99 4
4 100 2
5 1 4
5 2 2
5 3 3
5 4 2
5 5 1
5 6 0
5 7 4
5 8 1
5 9 0
5 10 3
5 11 2
5 12 3
5 13 3
5 14 0
5 15 1
5 16 0
5 17 3
5 18 3
5 19 2
5 20 0
5 21 1
5 22 2
5 23 5
5 24 2
5 25 4
5 26 5
5 27 5
5 28 5
5 29 0
5 30 5
5 31 3
5 32 4
5 33 1
5 34 5
5 35 5
5 36 5
5 37 3
5 38 5
5 39 3
5 40 4
5 41 0
5 42 0
5 43 0
5 44 3
5 45 1
5 46 1
5 47 5
5 48 0
5 49 2
5 50 1
5 51 5
5 52 5
5 53 4
5 54 3
5 55 1
5 56 3
5 57 2
5 58 4
5 59 2
5 60 4
5 61 2
5 62 0
5 63 5
5 64 5
5 65 5
5 66 2
5 67 4
5 68 1
5 69 3
5 70 1
5 71 3
5 72 4
5 73 3
5 74 1
5 75 2
5 76 5
5 77 3
5 78 4
5 79 3
5 80 0
5 81 5
5 82 5
5 83 1
5 84 4
5 85 3
5 86 1
5 87 2
5 88 3
5 89 2
5 90 3
5 91 4
5 92 1
5 93 4
5 94 4
5 95 2
5 96 1
5 97 2
5 98 4
5 99 0
5 100 1
6 1 1
6 2 5
6 3 3
6 4 4
6 5 1
6 6 2
6 7 2
6 8 4
6 9 5
6 10 0
6 11 2
6 12 5
6 13 3
6 14 1
6 15 0
6 16 1
6 17 3
6 18 0
6 19 1
6 20 0
6 21 4
6 22 4
6 23 2
6 24 4
6 25 5
6 26 5
6 27 5
6 28 2
6 29 0
6 30 4
6 31 0
6 32 3
6 33 2
6 34 4
6 35 3
6 36 0
6 37 1
6 38 3
6 39 1
6 40 5
6 41 5
6 42 5
6 43 3
6 44 2
6 45 4
6 46 1
6 47 2
6 48 2
6 49 5
6 50 5
6 51 5
6 52 4
6 53 3
6 54 5
6 55 2
6 56 1
6 57 0
6 58 2
6 59 4
6 60 2
6 61 5
6 62 1
6 63 2
6 64 5
6 65 3
6 66 4
6 67 2
6 68 2
6 69 3
6 70 2
6 71 3
6 72 4
6 73 3
6 74 4
6 75 2
6 76 0
6 77 1
6 78 0
6 79 0
6 80 5
6 81 3
6 82 3
6 83 1
6 84 1
6 85 5
6 86 1
6 87 3
6 88 1
6 89 5
6 90 1
6 91 0
6 92 3
6 93 2
6 94 3
6 95 2
6 96 1
6 97 3
6 98 1
6 99 5
6 100 3
7 1 2
7 2 5
7 3 3
7 4 3
7 5 1
7 6 4
7 7 1
7 8 1
7 9 4
7 10 3
7 11 3
7 12 3
7 13 4
7 14 3
7 15 3
7 16 1
7 17 4
7 18 5
7 19 1
7 20 0
7 21 1
7 22 3
7 23 0
7 24 2
7 25 4
7 26 1
7 27 1
7 28 0
7 29 0
7 30 2
7 31 3
7 32 5
7 33 4
7 34 5
7 35 1
7 36 5
7 37 1
7 38 1
7 39 0
7 40 0
7 41 0
7 42 2
7 43 5
7 44 0
7 45 4
7 46 4
7 47 2
7 48 1
7 49 0
7 50 3
7 51 3
7 52 1
7 53 3
7 54 3
7 55 5
7 56 1
7 57 5
7 58 3
7 59 2
7 60 1
7 61 1
7 62 5
7 63 5
7 64 3
7 65 2
7 66 4
7 67 5
7 68 4
7 69 3
7 70 5
7 71 1
7 72 3
7 73 1
7 74 2
7 75 0
7 76 4
7 77 3
7 78 4
7 79 2
7 80 3
7 81 1
7 82 5
7 83 4
7 84 2
7 85 1
7 86 4
7 87 0
7 88 0
7 89 3
7 90 4
7 91 3
7 92 3
7 93 1
7 94 0
7 95 3
7 96 3
7 97 0
7 98 4
7 99 1
7 100 5
8 1 2
8 2 2
8 3 2
8 4 3
8 5 1
8 6 3
8 7 3
8 8 3
8 9 3
8 10 5
8 11 4
8 12 5
8 13 2
8 14 2
8 15 5
8 16 4
8 17 0
8 18 2
8 19 0
8 20 2
8 21 5
8 22 3
8 23 5
8 24 0
8 25 4
8 26 0
8 27 2
8 28 3
8 29 3
8 30 0
8 31 0
8 32 0
8 33 4
8 34 3
8 35 5
8 36 3
8 37 3
8 38 1
8 39 0
8 40 0
8 41 5
8 42 0
8 43 5
8 44 3
8 45 4
8 46 2
8 47 1
8 48 1
8 49 5
8 50 4
8 51 3
8 52 2
8 53 1
8 54 4
8 55 2
8 56 4
8 57 2
8 58 0
8 59 5
8 60 0
8 61 5
8 62 3
8 63 0
8 64 2
8 65 3
8 66 4
8 67 1
8 68 2
8 69 3
8 70 4
8 71 0
8 72 4
8 73 5
8 74 5
8 75 1
8 76 5
8 77 4
8 78 5
8 79 3
8 80 1
8 81 3
8 82 2
8 83 1
8 84 3
8 85 3
8 86 3
8 87 4
8 88 2
8 89 2
8 90 0
8 91 1
8 92 1
8 93 2
8 94 2
8 95 3
8 96 4
8 97 3
8 98 0
8 99 3
8 100 0
9 1 1
9 2 5
9 3 5
9 4 1
9 5 0
9 6 5
9 7 4
9 8 2
9 9 4
9 10 2
9 11 2
9 12 0
9 13 4
9 14 5
9 15 5
9 16 4
9 17 4
9 18 3
9 19 4
9 20 3
9 21 0
9 22 2
9 23 2
9 24 2
9 25 2
9 26 0
9 27 4
9 28 2
9 29 1
9 30 1
9 31 5
9 32 0
9 33 0
9 34 1
9 35 4
9 36 2
9 37 0
9 38 0
9 39 1
9 40 3
9 41 5
9 42 1
9 43 1
9 44 2
9 45 3
9 46 1
9 47 5
9 48 5
9 49 1
9 50 1
9 51 4
9 52 3
9 53 2
9 54 2
9 55 5
9 56 4
9 57 1
9 58 3
9 59 2
9 60 5
9 61 0
9 62 1
9 63 3
9 64 4
9 65 4
9 66 3
9 67 3
9 68 0
9 69 5
9 70 5
9 71 2
9 72 5
9 73 3
9 74 3
9 75 0
9 76 2
9 77 3
9 78 3
9 79 3
9 80 2
9 81 1
9 82 0
9 83 4
9 84 5
9 85 3
9 86 3
9 87 3
9 88 2
9 89 2
9 90 4
9 91 3
9 92 0
9 93 4
9 94 2
9 95 3
9 96 0
9 97 2
9 98 4
9 99 4
9 100 0
10 1 4
10 2 2
10 3 3
10 4 0
10 5 4
10 6 5
10 7 1
10 8 4
10 9 5
10 10 4
10 11 2
10 12 3
10 13 4
10 14 0
10 15 0
10 16 4
10 17 3
10 18 4
10 19 1
10 20 1
10 21 4
10 22 2
10 23 5
10 24 0
10 25 0
10 26 2
10 27 4
10 28 1
10 29 1
10 30 5
10 31 2
10 32 5
10 33 1
10 34 5
10 35 3
10 36 3
10 37 4
10 38 4
10 39 3
10 40 2
10 41 4
10 42 4
10 43 1
10 44 1
10 45 1
10 46 1
10 47 0
10 48 1
10 49 4
10 50 5
10 51 5
10 52 0
10 53 0
10 54 2
10 55 3
10 56 0
10 57 1
10 58 2
10 59 1
10 60 4
10 61 4
10 62 0
10 63 0
10 64 4
10 65 1
10 66 3
10 67 1
10 68 1
10 69 1
10 70 4
10 71 2
10 72 0
10 73 2
10 74 1
10 75 0
10 76 0
10 77 1
10 78 4
10 79 5
10 80 2
10 81 3
10 82 4
10 83 0
10 84 2
10 85 0
10 86 1
10 87 5
10 88 5
10 89 5
10 90 3
10 91 1
10 92 4
10 93 5
10 94 2
10 95 3
10 96 3
10 97 0
10 98 4
10 99 2
10 100 4
11 1 1
11 2 4
11 3 2
11 4 3
11 5 0
11 6 5
11 7 1
11 8 0
11 9 0
11 10 2
11 11 0
11 12 3
11 13 0
11 14 3
11 15 2
11 16 4
11 17 0
11 18 3
11 19 0
11 20 4
11 21 4
11 22 2
11 23 0
11 24 1
11 25 3
11 26 3
11 27 1
11 28 0
11 29 4
11 30 0
11 31 1
11 32 1
11 33 0
11 34 5
11 35 2
11 36 1
11 37 3
11 38 5
11 39 5
11 40 4
11 41 4
11 42 5
11 43 2
11 44 4
11 45 4
11 46 4
11 47 4
11 48 4
11 49 0
11 50 3
11 51 2
11 52 0
11 53 3
11 54 3
11 55 1
11 56 4
11 57 5
11 58 0
11 59 4
11 60 5
11 61 2
11 62 5
11 63 2
11 64 1
11 65 5
11 66 1
11 67 0
11 68 1
11 69 2
11 70 1
11 71 0
11 72 3
11 73 4
11 74 5
11 75 2
11 76 2
11 77 1
11 78 0
11 79 1
11 80 3
11 81 0
11 82 1
11 83 5
11 84 3
11 85 5
11 86 4
11 87 2
11 88 4
11 89 0
11 90 4
11 91 2
11 92 1
11 93 0
11 94 1
11 95 4
11 96 0
11 97 5
11 98 1
11 99 2
11 100 3
12 1 0
12 2 2
12 3 5
12 4 0
12 5 1
12 6 1
12 7 2
12 8 0
12 9 2
12 10 4
12 11 3
12 12 2
12 13 1
12 14 3
12 15 4
12 16 3
12 17 5
12 18 3
12 19 3
12 20 1
12 21 2
12 22 0
12 23 5
12 24 3
12 25 4
12 26 3
12 27 4
12 28 3
12 29 3
12 30 1
12 31 2
12 32 1
12 33 0
12 34 2
12 35 5
12 36 0
12 37 3
12 38 2
12 39 5
12 40 3
12 41 1
12 42 1
12 43 3
12 44 5
12 45 2
12 46 0
12 47 3
12 48 4
12 49 1
12 50 4
12 51 0
12 52 0
12 53 5
12 54 1
12 55 3
12 56 2
12 57 2
12 58 0
12 59 1
12 60 1
12 61 0
12 62 0
12 63 2
12 64 1
12 65 0
12 66 4
12 67 5
12 68 1
12 69 5
12 70 0
12 71 1
12 72 1
12 73 5
12 74 1
12 75 2
12 76 0
12 77 0
12 78 3
12 79 3
12 80 1
12 81 0
12 82 5
12 83 1
12 84 1
12 85 5
12 86 5
12 87 1
12 88 5
12 89 2
12 90 5
12 91 2
12 92 4
12 93 4
12 94 3
12 95 1
12 96 4
12 97 2
12 98 2
12 99 5
12 100 5
13 1 2
13 2 5
13 3 5
13 4 4
13 5 2
13 6 5
13 7 4
13 8 2
13 9 4
13 10 2
13 11 3
13 12 4
13 13 4
13 14 2
13 15 2
13 16 3
13 17 3
13 18 2
13 19 2
13 20 2
13 21 2
13 22 3
13 23 5
13 24 0
13 25 4
13 26 4
13 27 1
13 28 1
13 29 0
13 30 1
13 31 0
13 32 4
13 33 5
13 34 5
13 35 0
13 36 2
13 37 4
13 38 0
13 39 5
13 40 1
13 41 3
13 42 5
13 43 2
13 44 1
13 45 5
13 46 2
13 47 0
13 48 2
13 49 4
13 50 4
13 51 5
13 52 4
13 53 4
13 54 0
13 55 1
13 56 4
13 57 4
13 58 0
13 59 3
13 60 0
13 61 2
13 62 4
13 63 1
13 64 1
13 65 5
13 66 5
13 67 4
13 68 2
13 69 5
13 70 2
13 71 2
13 72 2
13 73 2
13 74 5
13 75 5
13 76 5
13 77 4
13 78 3
13 79 3
13 80 5
13 81 1
13 82 0
13 83 0
13 84 5
13 85 2
13 86 5
13 87 2
13 88 0
13 89 0
13 90 1
13 91 1
13 92 5
13 93 4
13 94 0
13 95 0
13 96 4
13 97 1
13 98 4
13 99 1
13 100 3
14 1 5
14 2 5
14 3 2
14 4 2
14 5 2
14 6 5
14 7 1
14 8 5
14 9 2
14 10 3
14 11 5
14 12 1
14 13 5
14 14 0
14 15 2
14 16 3
14 17 5
14 18 2
14 19 1
14 20 2
14 21 4
14 22 1
14 23 0
14 24 0
14 25 2
14 26 5
14 27 1
14 28 4
14 29 5
14 30 4
14 31 1
14 32 1
14 33 2
14 34 0
14 35 1
14 36 5
14 37 4
14 38 2
14 39 2
14 40 1
14 41 5
14 42 1
14 43 4
14 44 3
14 45 3
14 46 5
14 47 0
14 48 4
14 49 2
14 50 1
14 51 1
14 52 2
14 53 4
14 54 2
14 55 4
14 56 4
14 57 5
14 58 2
14 59 0
14 60 5
14 61 1
14 62 5
14 63 1
14 64 4
14 65 0
14 66 1
14 67 1
14 68 2
14 69 1
14 70 1
14 71 5
14 72 4
14 73 4
14 74 0
14 75 2
14 76 0
14 77 0
14 78 0
14 79 5
14 80 0
14 81 1
14 82 3
14 83 0
14 84 4
14 85 3
14 86 3
14 87 3
14 88 3
14 89 2
14 90 3
14 91 1
14 92 5
14 93 1
14 94 2
14 95 4
14 96 4
14 97 1
14 98 3
14 99 3
14 100 3
15 1 4
15 2 4
15 3 5
15 4 4
15 5 2
15 6 3
15 7 0
15 8 2
15 9 4
15 10 0
15 11 2
15 12 3
15 13 5
15 14 5
15 15 2
15 16 3
15 17 4
15 18 2
15 19 1
15 20 4
15 21 1
15 22 4
15 23 4
15 24 2
15 25 0
15 26 4
15 27 4
15 28 4
15 29 4
15 30 2
15 31 5
15 32 2
15 33 2
15 34 3
15 35 2
15 36 4
15 37 2
15 38 1
15 39 5
15 40 4
15 41 1
15 42 1
15 43 2
15 44 1
15 45 0
15 46 1
15 47 5
15 48 5
15 49 1
15 50 5
15 51 0
15 52 0
15 53 4
15 54 1
15 55 1
15 56 3
15 57 2
15 58 5
15 59 0
15 60 1
15 61 2
15 62 4
15 63 4
15 64 5
15 65 1
15 66 1
15 67 4
15 68 0
15 69 1
15 70 1
15 71 1
15 72 5
15 73 3
15 74 2
15 75 4
15 76 3
15 77 0
15 78 1
15 79 1
15 80 4
15 81 3
15 82 0
15 83 5
15 84 5
15 85 3
15 86 0
15 87 1
15 88 3
15 89 1
15 90 5
15 91 3
15 92 3
15 93 1
15 94 3
15 95 4
15 96 3
15 97 4
15 98 5
15 99 3
15 100 5
16 1 0
16 2 5
16 3 2
16 4 1
16 5 3
16 6 2
16 7 4
16 8 1
16 9 5
16 10 2
16 11 1
16 12 5
16 13 4
16 14 3
16 15 0
16 16 2
16 17 5
16 18 5
16 19 4
16 20 5
16 21 4
16 22 5
16 23 2
16 24 3
16 25 5
16 26 1
16 27 4
16 28 1
16 29 3
16 30 2
16 31 2
16 32 5
16 33 5
16 34 4
16 35 5
16 36 4
16 37 4
16 38 2
16 39 3
16 40 1
16 41 5
16 42 2
16 43 0
16 44 3
16 45 4
16 46 4
16 47 2
16 48 0
16 49 0
16 50 3
16 51 5
16 52 1
16 53 2
16 54 2
16 55 0
16 56 4
16 57 2
16 58 1
16 59 3
16 60 4
16 61 2
16 62 3
16 63 0
16 64 2
16 65 0
16 66 2
16 67 0
16 68 3
16 69 1
16 70 4
16 71 1
16 72 2
16 73 1
16 74 4
16 75 0
16 76 1
16 77 4
16 78 2
16 79 0
16 80 3
16 81 0
16 82 1
16 83 5
16 84 3
16 85 0
16 86 1
16 87 2
16 88 3
16 89 4
16 90 3
16 91 4
16 92 4
16 93 4
16 94 1
16 95 0
16 96 0
16 97 5
16 98 4
16 99 5
16 100 3
17 1 3
17 2 5
17 3 5
17 4 3
17 5 2
17 6 5
17 7 1
17 8 1
17 9 0
17 10 4
17 11 1
17 12 5
17 13 4
17 14 0
17 15 2
17 16 2
17 17 1
17 18 0
17 19 5
17 20 1
17 21 4
17 22 4
17 23 5
17 24 0
17 25 2
17 26 3
17 27 4
17 28 3
17 29 2
17 30 0
17 31 5
17 32 0
17 33 2
17 34 1
17 35 2
17 36 4
17 37 5
17 38 2
17 39 5
17 40 1
17 41 4
17 42 0
17 43 0
17 44 0
17 45 2
17 46 1
17 47 4
17 48 0
17 49 0
17 50 1
17 51 4
17 52 0
17 53 5
17 54 5
17 55 4
17 56 0
17 57 1
17 58 3
17 59 5
17 60 2
17 61 3
17 62 4
17 63 3
17 64 4
17 65 2
17 66 3
17 67 1
17 68 3
17 69 0
17 70 0
17 71 2
17 72 3
17 73 1
17 74 1
17 75 2
17 76 2
17 77 3
17 78 5
17 79 0
17 80 2
17 81 5
17 82 0
17 83 2
17 84 3
17 85 0
17 86 3
17 87 3
17 88 0
17 89 5
17 90 5
17 91 2
17 92 4
17 93 3
17 94 3
17 95 5
17 96 1
17 97 2
17 98 0
17 99 4
17 100 3
18 1 0
18 2 5
18 3 4
18 4 4
18 5 5
18 6 5
18 7 5
18 8 5
18 9 3
18 10 4
18 11 0
18 12 4
18 13 0
18 14 2
18 15 1
18 16 4
18 17 1
18 18 2
18 19 2
18 20 0
18 21 4
18 22 2
18 23 0
18 24 3
18 25 1
18 26 4
18 27 3
18 28 5
18 29 5
18 30 3
18 31 3
18 32 4
18 33 1
18 34 3
18 35 4
18 36 5
18 37 3
18 38 3
18 39 1
18 40 2
18 41 1
18 42 0
18 43 5
18 44 2
18 45 5
18 46 4
18 47 0
18 48 5
18 49 1
18 50 4
18 51 3
18 52 2
18 53 4
18 54 4
18 55 3
18 56 4
18 57 2
18 58 1
18 59 2
18 60 2
18 61 3
18 62 1
18 63 3
18 64 4
18 65 0
18 66 2
18 67 5
18 68 5
18 69 3
18 70 1
18 71 0
18 72 3
18 73 5
18 74 5
18 75 1
18 76 5
18 77 4
18 78 5
18 79 1
18 80 4
18 81 2
18 82 0
18 83 2
18 84 5
18 85 1
18 86 0
18 87 2
18 88 4
18 89 3
18 90 5
18 91 4
18 92 4
18 93 4
18 94 3
18 95 5
18 96 0
18 97 2
18 98 3
18 99 4
18 100 4
19 1 0
19 2 2
19 3 0
19 4 4
19 5 4
19 6 4
19 7 4
19 8 3
19 9 3
19 10 3
19 11 2
19 12 5
19 13 5
19 14 0
19 15 2
19 16 2
19 17 2
19 18 4
19 19 0
19 20 1
19 21 1
19 22 1
19 23 5
19 24 4
19 25 3
19 26 0
19 27 1
19 28 2
19 29 1
19 30 1
19 31 3
19 32 1
19 33 5
19 34 0
19 35 5
19 36 5
19 37 5
19 38 1
19 39 1
19 40 1
19 41 5
19 42 1
19 43 0
19 44 1
19 45 0
19 46 3
19 47 4
19 48 3
19 49 4
19 50 4
19 51 0
19 52 3
19 53 4
19 54 4
19 55 5
19 56 1
19 57 4
19 58 0
19 59 2
19 60 5
19 61 5
19 62 2
19 63 1
19 64 5
19 65 0
19 66 1
19 67 0
19 68 4
19 69 1
19 70 0
19 71 5
19 72 2
19 73 5
19 74 2
19 75 5
19 76 4
19 77 5
19 78 2
19 79 3
19 80 1
19 81 3
19 82 3
19 83 2
19 84 2
19 85 5
19 86 5
19 87 2
19 88 0
19 89 4
19 90 0
19 91 0
19 92 0
19 93 0
19 94 5
19 95 3
19 96 4
19 97 3
19 98 3
19 99 1
19 100 3
20 1 2
20 2 3
20 3 1
20 4 5
20 5 1
20 6 2
20 7 3
20 8 0
20 9 2
20 10 2
20 11 4
20 12 2
20 13 4
20 14 4
20 15 3
20 16 0
20 17 2
20 18 5
20 19 5
20 20 2
20 21 5
20 22 5
20 23 4
20 24 1
20 25 4
20 26 2
20 27 5
20 28 0
20 29 0
20 30 5
20 31 3
20 32 0
20 33 4
20 34 1
20 35 4
20 36 4
20 37 5
20 38 4
20 39 4
20 40 5
20 41 2
20 42 0
20 43 4
20 44 4
20 45 5
20 46 4
20 47 0
20 48 0
20 49 1
20 50 0
20 51 3
20 52 0
20 53 4
20 54 5
20 55 3
20 56 3
20 57 1
20 58 3
20 59 3
20 60 3
20 61 0
20 62 4
20 63 2
20 64 2
20 65 0
20 66 0
20 67 3
20 68 3
20 69 5
20 70 0
20 71 4
20 72 0
20 73 5
20 74 1
20 75 3
20 76 1
20 77 5
20 78 3
20 79 4
20 80 1
20 81 1
20 82 2
20 83 4
20 84 3
20 85 4
20 86 5
20 87 2
20 88 0
20 89 4
20 90 2
20 91 3
20 92 5
20 93 4
20 94 0
20 95 4
20 96 2
20 97 1
20 98 3
20 99 4
20 100 5
21 1 4
21 2 1
21 3 5
21 4 5
21 5 2
21 6 3
21 7 1
21 8 0
21 9 3
21 10 2
21 11 4
21 12 0
21 13 4
21 14 4
21 15 4
21 16 5
21 17 0
21 18 1
21 19 0
21 20 3
21 21 1
21 22 1
21 23 1
21 24 5
21 25 0
21 26 4
21 27 4
21 28 4
21 29 1
21 30 5
21 31 3
21 32 0
21 33 3
21 34 0
21 35 0
21 36 3
21 37 0
21 38 0
21 39 5
21 40 4
21 41 3
21 42 1
21 43 1
21 44 3
21 45 3
21 46 5
21 47 4
21 48 5
21 49 5
21 50 1
21 51 5
21 52 4
21 53 2
21 54 5
21 55 3
21 56 2
21 57 5
21 58 0
21 59 0
21 60 1
21 61 4
21 62 0
21 63 4
21 64 2
21 65 2
21 66 1
21 67 3
21 68 0
21 69 5
21 70 4
21 71 2
21 72 5
21 73 5
21 74 3
21 75 1
21 76 4
21 77 0
21 78 2
21 79 0
21 80 3
21 81 1
21 82 2
21 83 4
21 84 5
21 85 5
21 86 4
21 87 4
21 88 4
21 89 3
21 90 4
21 91 3
21 92 1
21 93 3
21 94 0
21 95 1
21 96 4
21 97 0
21 98 3
21 99 0
21 100 4
22 1 2
22 2 3
22 3 0
22 4 1
22 5 5
22 6 2
22 7 4
22 8 1
22 9 4
22 10 4
22 11 0
22 12 2
22 13 0
22 14 2
22 15 2
22 16 1
22 17 0
22 18 0
22 19 5
22 20 2
22 21 1
22 22 3
22 23 0
22 24 3
22 25 4
22 26 1
22 27 3
22 28 3
22 29 2
22 30 4
22 31 2
22 32 2
22 33 3
22 34 0
22 35 3
22 36 1
22 37 1
22 38 4
22 39 3
22 40 2
22 41 2
22 42 2
22 43 3
22 44 2
22 45 1
22 46 3
22 47 2
22 48 5
22 49 4
22 50 5
22 51 0
22 52 4
22 53 0
22 54 2
22 55 2
22 56 1
22 57 2
22 58 3
22 59 4
22 60 3
22 61 4
22 62 0
22 63 5
22 64 4
22 65 2
22 66 4
22 67 2
22 68 0
22 69 1
22 70 5
22 71 1
22 72 3
22 73 5
22 74 4
22 75 4
22 76 1
22 77 4
22 78 1
22 79 4
22 80 1
22 81 1
22 82 2
22 83 1
22 84 2
22 85 3
22 86 4
22 87 0
22 88 0
22 89 3
22 90 0
22 91 4
22 92 5
22 93 4
22 94 2
22 95 2
22 96 1
22 97 0
22 98 4
22 99 3
22 100 3
23 1 5
23 2 0
23 3 0
23 4 4
23 5 1
23 6 1
23 7 4
23 8 5
23 9 5
23 10 5
23 11 5
23 12 0
23 13 3
23 14 1
23 15 0
23 16 3
23 17 2
23 18 0
23 19 1
23 20 4
23 21 1
23 22 1
23 23 5
23 24 2
23 25 3
23 26 5
23 27 4
23 28 0
23 29 0
23 30 5
23 31 1
23 32 5
23 33 4
23 34 0
23 35 1
23 36 1
23 37 4
23 38 4
23 39 1
23 40 0
23 41 2
23 42 0
23 43 3
23 44 0
23 45 0
23 46 5
23 47 2
23 48 3
23 49 3
23 50 5
23 51 0
23 52 2
23 53 4
23 54 0
23 55 1
23 56 0
23 57 0
23 58 1
23 59 0
23 60 5
23 61 5
23 62 3
23 63 0
23 64 5
23 65 1
23 66 3
23 67 1
23 68 2
23 69 0
23 70 1
23 71 5
23 72 5
23 73 1
23 74 4
23 75 0
23 76 0
23 77 2
23 78 0
23 79 5
23 80 3
23 81 0
23 82 4
23 83 4
23 84 1
23 85 1
23 86 2
23 87 0
23 88 3
23 89 3
23 90 3
23 91 1
23 92 4
23 93 5
23 94 3
23 95 5
23 96 0
23 97 1
23 98 3
23 99 2
23 100 1
24 1 1
24 2 0
24 3 1
24 4 1
24 5 2
24 6 5
24 7 2
24 8 3
24 9 3
24 10 1
24 11 4
24 12 1
24 13 5
24 14 4
24 15 4
24 16 0
24 17 0
24 18 4
24 19 4
24 20 3
24 21 5
24 22 2
24 23 2
24 24 2
24 25 2
24 26 4
24 27 2
24 28 4
24 29 5
24 30 2
24 31 0
24 32 1
24 33 5
24 34 2
24 35 3
24 36 4
24 37 3
24 38 4
24 39 5
24 40 1
24 41 1
24 42 1
24 43 2
24 44 2
24 45 4
24 46 0
24 47 4
24 48 4
24 49 4
24 50 4
24 51 3
24 52 3
24 53 4
24 54 1
24 55 2
24 56 4
24 57 2
24 58 5
24 59 2
24 60 5
24 61 5
24 62 2
24 63 4
24 64 5
24 65 5
24 66 1
24 67 0
24 68 5
24 69 4
24 70 2
24 71 0
24 72 4
24 73 2
24 74 2
24 75 0
24 76 2
24 77 5
24 78 2
24 79 3
24 80 3
24 81 0
24 82 2
24 83 5
24 84 3
24 85 5
24 86 4
24 87 4
24 88 1
24 89 4
24 90 5
24 91 5
24 92 1
24 93 2
24 94 5
24 95 1
24 96 3
24 97 4
24 98 5
24 99 3
24 100 2
25 1 5
25 2 4
25 3 5
25 4 3
25 5 0
25 6 1
25 7 5
25 8 2
25 9 1
25 10 0
25 11 5
25 12 5
25 13 0
25 14 3
25 15 1
25 16 0
25 17 2
25 18 4
25 19 4
25 20 1
25 21 4
25 22 3
25 23 4
25 24 2
25 25 4
25 26 4
25 27 1
25 28 3
25 29 1
25 30 1
25 31 4
25 32 0
25 33 0
25 34 5
25 35 3
25 36 2
25 37 5
25 38 0
25 39 4
25 40 1
25 41 1
25 42 5
25 43 1
25 44 0
25 45 1
25 46 2
25 47 0
25 48 3
25 49 2
25 50 2
25 51 1
25 52 1
25 53 2
25 54 3
25 55 0
25 56 2
25 57 0
25 58 0
25 59 1
25 60 0
25 61 2
25 62 3
25 63 0
25 64 0
25 65 4
25 66 2
25 67 5
25 68 2
25 69 4
25 70 2
25 71 5
25 72 1
25 73 1
25 74 3
25 75 0
25 76 3
25 77 2
25 78 1
25 79 2
25 80 5
25 81 1
25 82 2
25 83 4
25 84 2
25 85 5
25 86 1
25 87 4
25 88 0
25 89 1
25 90 5
25 91 4
25 92 4
25 93 4
25 94 3
25 95 2
25 96 1
25 97 0
25 98 1
25 99 2
25 100 3
26 1 4
26 2 1
26 3 0
26 4 4
26 5 1
26 6 4
26 7 2
26 8 5
26 9 1
26 10 0
26 11 1
26 12 3
26 13 1
26 14 1
26 15 1
26 16 2
26 17 5
26 18 0
26 19 1
26 20 5
26 21 1
26 22 2
26 23 2
26 24 1
26 25 0
26 26 2
26 27 3
26 28 4
26 29 4
26 30 4
26 31 1
26 32 3
26 33 1
26 34 2
26 35 4
26 36 1
26 37 4
26 38 4
26 39 1
26 40 4
26 41 0
26 42 3
26 43 3
26 44 2
26 45 3
26 46 4
26 47 5
26 48 5
26 49 4
26 50 4
26 51 5
26 52 1
26 53 1
26 54 1
26 55 2
26 56 4
26 57 5
26 58 0
26 59 0
26 60 5
26 61 3
26 62 4
26 63 3
26 64 5
26 65 1
26 66 1
26 67 1
26 68 5
26 69 4
26 70 5
26 71 0
26 72 4
26 73 4
26 74 2
26 75 0
26 76 5
26 77 0
26 78 0
26 79 0
26 80 3
26 81 5
26 82 2
26 83 4
26 84 5
26 85 5
26 86 4
26 87 1
26 88 4
26 89 0
26 90 3
26 91 0
26 92 3
26 93 3
26 94 1
26 95 5
26 96 2
26 97 1
26 98 0
26 99 3
26 100 3
27 1 0
27 2 1
27 3 0
27 4 1
27 5 4
27 6 3
27 7 4
27 8 3
27 9 1
27 10 3
27 11 4
27 12 3
27 13 0
27 14 3
27 15 4
27 16 4
27 17 0
27 18 0
27 19 3
27 20 2
27 21 4
27 22 3
27 23 3
27 24 5
27 25 1
27 26 5
27 27 5
27 28 2
27 29 3
27 30 1
27 31 1
27 32 3
27 33 2
27 34 4
27 35 1
27 36 4
27 37 0
27 38 4
27 39 5
27 40 1
27 41 2
27 42 4
27 43 0
27 44 1
27 45 2
27 46 1
27 47 4
27 48 3
27 49 1
27 50 4
27 51 2
27 52 1
27 53 1
27 54 0
27 55 3
27 56 2
27 57 5
27 58 2
27 59 5
27 60 5
27 61 4
27 62 0
27 63 1
27 64 2
27 65 4
27 66 0
27 67 3
27 68 3
27 69 3
27 70 4
27 71 4
27 72 5
27 73 0
27 74 0
27 75 0
27 76 1
27 77 0
27 78 4
27 79 4
27 80 0
27 81 5
27 82 1
27 83 1
27 84 0
27 85 2
27 86 1
27 87 4
27 88 1
27 89 0
27 90 2
27 91 0
27 92 3
27 93 0
27 94 1
27 95 1
27 96 2
27 97 4
27 98 5
27 99 0
27 100 5
28 1 4
28 2 2
28 3 3
28 4 5
28 5 3
28 6 2
28 7 5
28 8 5
28 9 5
28 10 4
28 11 5
28 12 0
28 13 3
28 14 2
28 15 4
28 16 3
28 17 0
28 18 2
28 19 5
28 20 5
28 21 3
28 22 5
28 23 1
28 24 1
28 25 0
28 26 1
28 27 3
28 28 4
28 29 3
28 30 5
28 31 3
28 32 1
28 33 5
28 34 5
28 35 2
28 36 3
28 37 1
28 38 1
28 39 0
28 40 4
28 41 0
28 42 1
28 43 5
28 44 1
28 45 4
28 46 3
28 47 3
28 48 2
28 49 4
28 50 3
28 51 5
28 52 5
28 53 5
28 54 1
28 55 2
28 56 2
28 57 1
28 58 3
28 59 3
28 60 5
28 61 0
28 62 5
28 63 2
28 64 4
28 65 4
28 66 5
28 67 0
28 68 4
28 69 5
28 70 5
28 71 5
28 72 4
28 73 2
28 74 4
28 75 2
28 76 2
28 77 3
28 78 0
28 79 3
28 80 4
28 81 1
28 82 0
28 83 2
28 84 1
28 85 4
28 86 1
28 87 3
28 88 2
28 89 2
28 90 4
28 91 5
28 92 0
28 93 4
28 94 4
28 95 1
28 96 4
28 97 3
28 98 0
28 99 0
28 100 4
29 1 5
29 2 4
29 3 1
29 4 3
29 5 3
29 6 1
29 7 2
29 8 0
29 9 5
29 10 4
29 11 2
29 12 3
29 13 1
29 14 0
29 15 1
29 16 5
29 17 2
29 18 0
29 19 4
29 20 3
29 21 1
29 22 3
29 23 0
29 24 1
29 25 1
29 26 3
29 27 5
29 28 0
29 29 1
29 30 4
29 31 3
29 32 2
29 33 0
29 34 5
29 35 1
29 36 4
29 37 4
29 38 4
29 39 1
29 40 0
29 41 1
29 42 0
29 43 4
29 44 4
29 45 4
29 46 5
29 47 0
29 48 3
29 49 0
29 50 3
29 51 3
29 52 5
29 53 0
29 54 2
29 55 2
29 56 1
29 57 1
29 58 5
29 59 2
29 60 2
29 61 0
29 62 3
29 63 1
29 64 4
29 65 1
29 66 3
29 67 2
29 68 2
29 69 0
29 70 4
29 71 3
29 72 3
29 73 1
29 74 0
29 75 5
29 76 1
29 77 0
29 78 5
29 79 0
29 80 5
29 81 0
29 82 1
29 83 5
29 84 3
29 85 5
29 86 0
29 87 3
29 88 0
29 89 5
29 90 4
29 91 4
29 92 2
29 93 4
29 94 5
29 95 3
29 96 4
29 97 5
29 98 5
29 99 1
29 100 3
30 1 4
30 2 4
30 3 4
30 4 3
30 5 1
30 6 1
30 7 2
30 8 4
30 9 0
30 10 2
30 11 1
30 12 4
30 13 2
30 14 1
30 15 3
30 16 0
30 17 5
30 18 1
30 19 4
30 20 1
30 21 4
30 22 2
30 23 2
30 24 2
30 25 3
30 26 0
30 27 2
30 28 1
30 29 2
30 30 0
30 31 3
30 32 1
30 33 4
30 34 5
30 35 0
30 36 5
30 37 1
30 38 5
30 39 4
30 40 5
30 41 5
30 42 3
30 43 2
30 44 2
30 45 2
30 46 2
30 47 3
30 48 3
30 49 5
30 50 1
30 51 5
30 52 3
30 53 4
30 54 5
30 55 1
30 56 4
30 57 3
30 58 1
30 59 2
30 60 1
30 61 3
30 62 2
30 63 4
30 64 2
30 65 1
30 66 1
30 67 2
30 68 4
30 69 1
30 70 5
30 71 5
30 72 0
30 73 2
30 74 3
30 75 2
30 76 5
30 77 4
30 78 3
30 79 0
30 80 1
30 81 0
30 82 1
30 83 3
30 84 2
30 85 0
30 86 4
30 87 3
30 88 2
30 89 5
30 90 3
30 91 4
30 92 4
30 93 4
30 94 2
30 95 5
30 96 4
30 97 2
30 98 3
30 99 4
30 100 3
31 1 1
31 2 4
31 3 0
31 4 2
31 5 4
31 6 0
31 7 5
31 8 3
31 9 2
31 10 3
31 11 2
31 12 1
31 13 0
31 14 1
31 15 5
31 16 4
31 17 0
31 18 4
31 19 0
31 20 1
31 21 0
31 22 5
31 23 2
31 24 5
31 25 0
31 26 4
31 27 2
31 28 0
31 29 5
31 30 1
31 31 5
31 32 3
31 33 4
31 34 4
31 35 5
31 36 0
31 37 5
31 38 4
31 39 4
31 40 5
31 41 1
31 42 3
31 43 3
31 44 5
31 45 2
31 46 3
31 47 5
31 48 4
31 49 5
31 50 0
31 51 3
31 52 4
31 53 5
31 54 5
31 55 4
31 56 1
31 57 1
31 58 5
31 59 4
31 60 1
31 61 3
31 62 4
31 63 4
31 64 4
31 65 2
31 66 1
31 67 4
31 68 4
31 69 4
31 70 5
31 71 1
31 72 1
31 73 1
31 74 0
31 75 2
31 76 1
31 77 5
31 78 0
31 79 5
31 80 5
31 81 0
31 82 1
31 83 0
31 84 4
31 85 2
31 86 2
31 87 1
31 88 5
31 89 0
31 90 3
31 91 3
31 92 4
31 93 1
31 94 0
31 95 1
31 96 4
31 97 4
31 98 1
31 99 4
31 100 1
32 1 1
32 2 5
32 3 1
32 4 2
32 5 2
32 6 5
32 7 0
32 8 3
32 9 2
32 10 0
32 11 2
32 12 3
32 13 4
32 14 4
32 15 0
32 16 5
32 17 2
32 18 4
32 19 4
32 20 4
32 21 1
32 22 3
32 23 2
32 24 3
32 25 0
32 26 4
32 27 1
32 28 4
32 29 1
32 30 4
32 31 3
32 32 4
32 33 5
32 34 1
32 35 1
32 36 1
32 37 4
32 38 5
32 39 1
32 40 3
32 41 5
32 42 3
32 43 5
32 44 0
32 45 1
32 46 3
32 47 3
32 48 5
32 49 1
32 50 5
32 51 5
32 52 1
32 53 4
32 54 1
32 55 3
32 56 1
32 57 4
32 58 2
32 59 3
32 60 3
32 61 3
32 62 1
32 63 2
32 64 2
32 65 1
32 66 0
32 67 2
32 68 3
32 69 0
32 70 3
32 71 5
32 72 0
32 73 2
32 74 1
32 75 4
32 76 3
32 77 5
32 78 2
32 79 1
32 80 2
32 81 2
32 82 1
32 83 3
32 84 1
32 85 1
32 86 5
32 87 2
32 88 2
32 89 0
32 90 0
32 91 4
32 92 3
32 93 3
32 94 5
32 95 4
32 96 4
32 97 3
32 98 3
32 99 5
32 100 3
33 1 4
33 2 1
33 3 1
33 4 4
33 5 0
33 6 2
33 7 1
33 8 0
33 9 1
33 10 1
33 11 4
33 12 4
33 13 5
33 14 5
33 15 2
33 16 1
33 17 3
33 18 1
33 19 4
33 20 3
33 21 2
33 22 0
33 23 4
33 24 2
33 25 0
33 26 3
33 27 0
33 28 4
33 29 4
33 30 0
33 31 3
33 32 3
33 33 3
33 34 1
33 35 2
33 36 5
33 37 5
33 38 0
33 39 5
33 40 4
33 41 1
33 42 0
33 43 1
33 44 3
33 45 1
33 46 5
33 47 3
33 48 4
33 49 1
33 50 0
33 51 5
33 52 0
33 53 0
33 54 3
33 55 3
33 56 1
33 57 5
33 58 4
33 59 4
33 60 4
33 61 0
33 62 3
33 63 1
33 64 2
33 65 5
33 66 5
33 67 0
33 68 0
33 69 5
33 70 0
33 71 0
33 72 4
33 73 3
33 74 0
33 75 0
33 76 3
33 77 4
33 78 4
33 79 1
33 80 2
33 81 5
33 82 2
33 83 3
33 84 2
33 85 4
33 86 5
33 87 3
33 88 5
33 89 3
33 90 2
33 91 1
33 92 1
33 93 0
33 94 2
33 95 5
33 96 2
33 97 5
33 98 3
33 99 4
33 100 1
34 1 3
34 2 4
34 3 2
34 4 5
34 5 4
34 6 0
34 7 0
34 8 1
34 9 4
34 10 2
34 11 0
34 12 1
34 13 4
34 14 1
34 15 2
34 16 4
34 17 4
34 18 5
34 19 1
34 20 0
34 21 2
34 22 0
34 23 3
34 24 2
34 25 4
34 26 0
34 27 3
34 28 5
34 29 2
34 30 4
34 31 5
34 32 5
34 33 5
34 34 3
34 35 3
34 36 0
34 37 3
34 38 3
34 39 1
34 40 3
34 41 5
34 42 0
34 43 4
34 44 1
34 45 3
34 46 1
34 47 4
34 48 2
34 49 2
34 50 5
34 51 3
34 52 4
34 53 0
34 54 1
34 55 3
34 56 4
34 57 4
34 58 0
34 59 1
34 60 5
34 61 3
34 62 1
34 63 4
34 64 1
34 65 3
34 66 3
34 67 3
34 68 3
34 69 2
34 70 4
34 71 2
34 72 5
34 73 4
34 74 4
34 75 5
34 76 0
34 77 2
34 78 2
34 79 0
34 80 3
34 81 5
34 82 3
34 83 5
34 84 5
34 85 4
34 86 0
34 87 2
34 88 4
34 89 5
34 90 1
34 91 4
34 92 0
34 93 3
34 94 2
34 95 2
34 96 4
34 97 0
34 98 4
34 99 1
34 100 5
35 1 2
35 2 2
35 3 3
35 4 0
35 5 4
35 6 2
35 7 4
35 8 1
35 9 0
35 10 2
35 11 1
35 12 2
35 13 4
35 14 1
35 15 1
35 16 2
35 17 0
35 18 5
35 19 3
35 20 5
35 21 2
35 22 3
35 23 2
35 24 1
35 25 3
35 26 2
35 27 2
35 28 1
35 29 2
35 30 2
35 31 5
35 32 0
35 33 1
35 34 1
35 35 4
35 36 4
35 37 5
35 38 1
35 39 1
35 40 5
35 41 0
35 42 3
35 43 5
35 44 1
35 45 4
35 46 1
35 47 2
35 48 3
35 49 2
35 50 1
35 51 2
35 52 1
35 53 2
35 54 3
35 55 0
35 56 2
35 57 4
35 58 2
35 59 2
35 60 5
35 61 4
35 62 2
35 63 0
35 64 0
35 65 2
35 66 4
35 67 0
35 68 5
35 69 3
35 70 5
35 71 2
35 72 4
35 73 1
35 74 1
35 75 4
35 76 5
35 77 5
35 78 2
35 79 0
35 80 1
35 81 5
35 82 1
35 83 4
35 84 0
35 85 2
35 86 0
35 87 4
35 88 4
35 89 1
35 90 1
35 91 0
35 92 3
35 93 0
35 94 5
35 95 3
35 96 5
35 97 2
35 98 0
35 99 4
35 100 4
36 1 0
36 2 5
36 3 1
36 4 1
36 5 1
36 6 0
36 7 0
36 8 5
36 9 3
36 10 0
36 11 2
36 12 0
36 13 5
36 14 1
36 15 4
36 16 0
36 17 5
36 18 4
36 19 0
36 20 0
36 21 1
36 22 2
36 23 0
36 24 5
36 25 2
36 26 2
36 27 3
36 28 4
36 29 4
36 30 5
36 31 3
36 32 1
36 33 5
36 34 2
36 35 4
36 36 2
36 37 2
36 38 5
36 39 3
36 40 5
36 41 3
36 42 3
36 43 4
36 44 1
36 45 4
36 46 4
36 47 3
36 48 1
36 49 3
36 50 2
36 51 4
36 52 2
36 53 5
36 54 3
36 55 1
36 56 4
36 57 3
36 58 4
36 59 4
36 60 0
36 61 5
36 62 0
36 63 3
36 64 2
36 65 0
36 66 2
36 67 2
36 68 3
36 69 1
36 70 5
36 71 0
36 72 2
36 73 1
36 74 5
36 75 5
36 76 5
36 77 0
36 78 4
36 79 3
36 80 2
36 81 2
36 82 5
36 83 3
36 84 1
36 85 4
36 86 2
36 87 4
36 88 1
36 89 1
36 90 3
36 91 2
36 92 0
36 93 2
36 94 0
36 95 5
36 96 4
36 97 2
36 98 2
36 99 3
36 100 0
37 1 3
37 2 2
37 3 5
37 4 1
37 5 5
37 6 3
37 7 4
37 8 3
37 9 5
37 10 1
37 11 1
37 12 3
37 13 2
37 14 1
37 15 0
37 16 0
37 17 3
37 18 1
37 19 0
37 20 2
37 21 2
37 22 1
37 23 2
37 24 3
37 25 3
37 26 2
37 27 1
37 28 3
37 29 0
37 30 0
37 31 2
37 32 3
37 33 0
37 34 5
37 35 0
37 36 5
37 37 4
37 38 1
37 39 1
37 40 4
37 41 1
37 42 5
37 43 1
37 44 5
37 45 3
37 46 2
37 47 1
37 48 0
37 49 0
37 50 1
37 51 2
37 52 3
37 53 5
37 54 3
37 55 4
37 56 0
37 57 2
37 58 1
37 59 1
37 60 2
37 61 5
37 62 5
37 63 1
37 64 0
37 65 2
37 66 5
37 67 4
37 68 3
37 69 5
37 70 4
37 71 4
37 72 5
37 73 2
37 74 3
37 75 0
37 76 3
37 77 1
37 78 2
37 79 3
37 80 2
37 81 1
37 82 4
37 83 2
37 84 4
37 85 0
37 86 2
37 87 2
37 88 3
37 89 3
37 90 0
37 91 1
37 92 2
37 93 5
37 94 5
37 95 5
37 96 0
37 97 0
37 98 2
37 99 3
37 100 1
38 1 1
38 2 1
38 3 3
38 4 4
38 5 4
38 6 0
38 7 5
38 8 5
38 9 4
38 10 5
38 11 4
38 12 3
38 13 5
38 14 5
38 15 4
38 16 0
38 17 0
38 18 1
38 19 3
38 20 3
38 21 2
38 22 3
38 23 2
38 24 4
38 25 4
38 26 3
38 27 5
38 28 4
38 29 1
38 30 4
38 31 0
38 32 2
38 33 2
38 34 5
38 35 5
38 36 3
38 37 4
38 38 5
38 39 2
38 40 4
38 41 2
38 42 0
38 43 1
38 44 4
38 45 0
38 46 4
38 47 5
38 48 3
38 49 3
38 50 1
38 51 0
38 52 4
38 53 0
38 54 2
38 55 2
38 56 5
38 57 1
38 58 3
38 59 1
38 60 2
38 61 4
38 62 0
38 63 1
38 64 4
38 65 2
38 66 2
38 67 3
38 68 0
38 69 4
38 70 1
38 71 0
38 72 2
38 73 5
38 74 2
38 75 0
38 76 1
38 77 5
38 78 4
38 79 4
38 80 4
38 81 3
38 82 2
38 83 5
38 84 3
38 85 1
38 86 0
38 87 4
38 88 5
38 89 2
38 90 0
38 91 2
38 92 2
38 93 2
38 94 1
38 95 1
38 96 4
38 97 5
38 98 0
38 99 4
38 100 2
39 1 1
39 2 4
39 3 0
39 4 2
39 5 0
39 6 2
39 7 3
39 8 5
39 9 2
39 10 0
39 11 4
39 12 4
39 13 1
39 14 1
39 15 1
39 16 3
39 17 1
39 18 2
39 19 3
39 20 4
39 21 1
39 22 1
39 23 4
39 24 3
39 25 0
39 26 4
39 27 3
39 28 4
39 29 1
39 30 2
39 31 0
39 32 5
39 33 0
39 34 0
39 35 3
39 36 2
39 37 4
39 38 4
39 39 5
39 40 1
39 41 2
39 42 2
39 43 4
39 44 1
39 45 5
39 46 0
39 47 3
39 48 4
39 49 2
39 50 5
39 51 0
39 52 5
39 53 1
39 54 4
39 55 4
39 56 0
39 57 4
39 58 5
39 59 2
39 60 0
39 61 0
39 62 5
39 63 4
39 64 5
39 65 1
39 66 4
39 67 2
39 68 5
39 69 0
39 70 5
39 71 0
39 72 4
39 73 2
39 74 0
39 75 1
39 76 0
39 77 5
39 78 5
39 79 1
39 80 5
39 81 3
39 82 0
39 83 4
39 84 1
39 85 0
39 86 0
39 87 5
39 88 4
39 89 5
39 90 0
39 91 3
39 92 0
39 93 0
39 94 4
39 95 4
39 96 4
39 97 3
39 98 1
39 99 3
39 100 2
40 1 0
40 2 3
40 3 4
40 4 5
40 5 4
40 6 1
40 7 1
40 8 4
40 9 3
40 10 3
40 11 5
40 12 2
40 13 3
40 14 4
40 15 3
40 16 3
40 17 4
40 18 4
40 19 4
40 20 5
40 21 0
40 22 2
40 23 0
40 24 3
40 25 1
40 26 1
40 27 2
40 28 3
40 29 3
40 30 0
40 31 5
40 32 5
40 33 5
40 34 5
40 35 1
40 36 0
40 37 0
40 38 2
40 39 1
40 40 0
40 41 1
40 42 3
40 43 2
40 44 1
40 45 0
40 46 3
40 47 2
40 48 5
40 49 0
40 50 4
40 51 4
40 52 5
40 53 2
40 54 3
40 55 4
40 56 2
40 57 4
40 58 5
40 59 1
40 60 0
40 61 4
40 62 0
40 63 4
40 64 1
40 65 1
40 66 2
40 67 2
40 68 0
40 69 2
40 70 1
40 71 0
40 72 4
40 73 4
40 74 2
40 75 4
40 76 1
40 77 1
40 78 3
40 79 0
40 80 5
40 81 5
40 82 1
40 83 0
40 84 0
40 85 1
40 86 2
40 87 1
40 88 4
40 89 3
40 90 5
40 91 1
40 92 1
40 93 0
40 94 4
40 95 3
40 96 2
40 97 4
40 98 2
40 99 5
40 100 5
41 1 4
41 2 4
41 3 1
41 4 4
41 5 1
41 6 5
41 7 4
41 8 3
41 9 1
41 10 0
41 11 5
41 12 5
41 13 0
41 14 5
41 15 1
41 16 5
41 17 3
41 18 0
41 19 2
41 20 0
41 21 4
41 22 3
41 23 1
41 24 4
41 25 5
41 26 5
41 27 1
41 28 1
41 29 2
41 30 0
41 31 0
41 32 1
41 33 3
41 34 2
41 35 0
41 36 2
41 37 5
41 38 5
41 39 4
41 40 4
41 41 2
41 42 4
41 43 4
41 44 0
41 45 0
41 46 2
41 47 1
41 48 4
41 49 4
41 50 0
41 51 2
41 52 0
41 53 4
41 54 0
41 55 5
41 56 3
41 57 1
41 58 5
41 59 2
41 60 1
41 61 0
41 62 1
41 63 5
41 64 0
41 65 0
41 66 1
41 67 2
41 68 4
41 69 5
41 70 2
41 71 4
41 72 4
41 73 5
41 74 0
41 75 4
41 76 0
41 77 5
41 78 3
41 79 0
41 80 4
41 81 3
41 82 2
41 83 5
41 84 3
41 85 2
41 86 5
41 87 4
41 88 0
41 89 1
41 90 0
41 91 3
41 92 4
41 93 5
41 94 2
41 95 0
41 96 1
41 97 3
41 98 3
41 99 2
41 100 4
42 1 3
42 2 0
42 3 5
42 4 3
42 5 4
42 6 5
42 7 2
42 8 4
42 9 2
42 10 3
42 11 4
42 12 4
42 13 4
42 14 2
42 15 5
42 16 0
42 17 4
42 18 0
42 19 1
42 20 2
42 21 4
42 22 0
42 23 0
42 24 1
42 25 2
42 26 1
42 27 5
42 28 1
42 29 5
42 30 3
42 31 3
42 32 5
42 33 1
42 34 4
42 35 1
42 36 4
42 37 4
42 38 2
42 39 2
42 40 0
42 41 1
42 42 1
42 43 4
42 44 2
42 45 5
42 46 2
42 47 0
42 48 0
42 49 0
42 50 1
42 51 3
42 52 2
42 53 0
42 54 4
42 55 3
42 56 2
42 57 4
42 58 0
42 59 4
42 60 3
42 61 1
42 62 2
42 63 5
42 64 4
42 65 2
42 66 3
42 67 5
42 68 2
42 69 0
42 70 2
42 71 2
42 72 5
42 73 3
42 74 5
42 75 4
42 76 4
42 77 3
42 78 4
42 79 1
42 80 2
42 81 5
42 82 5
42 83 2
42 84 0
42 85 0
42 86 0
42 87 4
42 88 5
42 89 2
42 90 1
42 91 0
42 92 3
42 93 1
42 94 0
42 95 2
42 96 2
42 97 2
42 98 2
42 99 3
42 100 1
43 1 4
43 2 2
43 3 5
43 4 5
43 5 3
43 6 3
43 7 5
43 8 2
43 9 1
43 10 3
43 11 2
43 12 2
43 13 3
43 14 4
43 15 2
43 16 0
43 17 2
43 18 1
43 19 2
43 20 1
43 21 0
43 22 3
43 23 3
43 24 4
43 25 5
43 26 4
43 27 1
43 28 5
43 29 5
43 30 3
43 31 4
43 32 2
43 33 2
43 34 2
43 35 4
43 36 4
43 37 5
43 38 3
43 39 5
43 40 4
43 41 4
43 42 2
43 43 3
43 44 3
43 45 1
43 46 1
43 47 5
43 48 3
43 49 1
43 50 2
43 51 3
43 52 3
43 53 2
43 54 2
43 55 2
43 56 2
43 57 1
43 58 4
43 59 5
43 60 3
43 61 1
43 62 1
43 63 4
43 64 0
43 65 1
43 66 3
43 67 2
43 68 5
43 69 2
43 70 4
43 71 5
43 72 5
43 73 4
43 74 2
43 75 0
43 76 5
43 77 0
43 78 3
43 79 4
43 80 4
43 81 0
43 82 5
43 83 4
43 84 2
43 85 4
43 86 0
43 87 2
43 88 5
43 89 4
43 90 2
43 91 3
43 92 2
43 93 2
43 94 1
43 95 1
43 96 3
43 97 3
43 98 0
43 99 0
43 100 3
44 1 5
44 2 1
44 3 1
44 4 4
44 5 3
44 6 2
44 7 1
44 8 4
44 9 5
44 10 4
44 11 0
44 12 2
44 13 5
44 14 1
44 15 3
44 16 2
44 17 1
44 18 4
44 19 2
44 20 2
44 21 0
44 22 2
44 23 2
44 24 2
44 25 5
44 26 5
44 27 5
44 28 0
44 29 1
44 30 4
44 31 4
44 32 5
44 33 2
44 34 5
44 35 4
44 36 1
44 37 5
44 38 0
44 39 3
44 40 5
44 41 2
44 42 3
44 43 1
44 44 2
44 45 3
44 46 5
44 47 4
44 48 0
44 49 4
44 50 3
44 51 4
44 52 2
44 53 4
44 54 3
44 55 2
44 56 1
44 57 1
44 58 0
44 59 4
44 60 0
44 61 5
44 62 4
44 63 5
44 64 0
44 65 5
44 66 0
44 67 4
44 68 0
44 69 2
44 70 5
44 71 1
44 72 0
44 73 2
44 74 3
44 75 4
44 76 1
44 77 4
44 78 1
44 79 1
44 80 5
44 81 3
44 82 0
44 83 1
44 84 1
44 85 1
44 86 1
44 87 0
44 88 3
44 89 1
44 90 0
44 91 5
44 92 1
44 93 3
44 94 1
44 95 0
44 96 0
44 97 0
44 98 0
44 99 1
44 100 1
45 1 0
45 2 3
45 3 4
45 4 4
45 5 5
45 6 1
45 7 1
45 8 2
45 9 3
45 10 3
45 11 1
45 12 5
45 13 4
45 14 0
45 15 0
45 16 3
45 17 4
45 18 2
45 19 4
45 20 0
45 21 3
45 22 1
45 23 2
45 24 2
45 25 3
45 26 3
45 27 4
45 28 5
45 29 3
45 30 1
45 31 2
45 32 5
45 33 3
45 34 0
45 35 2
45 36 3
45 37 5
45 38 2
45 39 1
45 40 5
45 41 1
45 42 2
45 43 4
45 44 3
45 45 5
45 46 1
45 47 3
45 48 2
45 49 1
45 50 1
45 51 0
45 52 2
45 53 0
45 54 0
45 55 5
45 56 4
45 57 4
45 58 4
45 59 3
45 60 1
45 61 1
45 62 3
45 63 1
45 64 0
45 65 4
45 66 4
45 67 0
45 68 2
45 69 0
45 70 3
45 71 4
45 72 1
45 73 2
45 74 5
45 75 2
45 76 5
45 77 3
45 78 5
45 79 3
45 80 5
45 81 1
45 82 5
45 83 2
45 84 2
45 85 0
45 86 5
45 87 4
45 88 3
45 89 4
45 90 2
45 91 0
45 92 5
45 93 4
45 94 4
45 95 0
45 96 0
45 97 1
45 98 5
45 99 1
45 100 3
46 1 5
46 2 5
46 3 4
46 4 2
46 5 2
46 6 0
46 7 5
46 8 5
46 9 2
46 10 4
46 11 3
46 12 0
46 13 0
46 14 5
46 15 2
46 16 2
46 17 4
46 18 0
46 19 4
46 20 0
46 21 5
46 22 1
46 23 0
46 24 5
46 25 0
46 26 5
46 27 1
46 28 0
46 29 3
46 30 4
46 31 4
46 32 4
46 33 3
46 34 3
46 35 2
46 36 4
46 37 4
46 38 5
46 39 5
46 40 4
46 41 4
46 42 5
46 43 2
46 44 0
46 45 2
46 46 0
46 47 0
46 48 5
46 49 3
46 50 0
46 51 0
46 52 1
46 53 3
46 54 3
46 55 2
46 56 2
46 57 4
46 58 3
46 59 5
46 60 5
46 61 4
46 62 2
46 63 3
46 64 2
46 65 0
46 66 0
46 67 0
46 68 4
46 69 1
46 70 1
46 71 2
46 72 1
46 73 4
46 74 1
46 75 3
46 76 5
46 77 2
46 78 0
46 79 3
46 80 1
46 81 2
46 82 3
46 83 3
46 84 1
46 85 5
46 86 2
46 87 3
46 88 0
46 89 3
46 90 5
46 91 3
46 92 2
46 93 3
46 94 5
46 95 5
46 96 0
46 97 1
46 98 1
46 99 4
46 100 4
47 1 2
47 2 3
47 3 0
47 4 2
47 5 1
47 6 0
47 7 2
47 8 3
47 9 2
47 10 3
47 11 4
47 12 1
47 13 1
47 14 3
47 15 1
47 16 3
47 17 4
47 18 4
47 19 4
47 20 4
47 21 4
47 22 4
47 23 1
47 24 5
47 25 5
47 26 1
47 27 0
47 28 5
47 29 1
47 30 5
47 31 5
47 32 1
47 33 4
47 34 2
47 35 4
47 36 2
47 37 0
47 38 2
47 39 0
47 40 0
47 41 1
47 42 5
47 43 2
47 44 4
47 45 4
47 46 4
47 47 1
47 48 1
47 49 0
47 50 2
47 51 4
47 52 2
47 53 2
47 54 5
47 55 0
47 56 1
47 57 3
47 58 3
47 59 1
47 60 1
47 61 3
47 62 4
47 63 1
47 64 4
47 65 0
47 66 1
47 67 2
47 68 2
47 69 5
47 70 5
47 71 4
47 72 2
47 73 3
47 74 5
47 75 4
47 76 5
47 77 5
47 78 0
47 79 3
47 80 3
47 81 3
47 82 2
47 83 0
47 84 5
47 85 2
47 86 3
47 87 0
47 88 2
47 89 2
47 90 2
47 91 2
47 92 3
47 93 1
47 94 2
47 95 5
47 96 3
47 97 1
47 98 0
47 99 5
47 100 4
48 1 0
48 2 0
48 3 4
48 4 3
48 5 5
48 6 5
48 7 1
48 8 2
48 9 0
48 10 3
48 11 5
48 12 3
48 13 0
48 14 1
48 15 5
48 16 0
48 17 4
48 18 1
48 19 5
48 20 2
48 21 5
48 22 5
48 23 5
48 24 1
48 25 1
48 26 5
48 27 5
48 28 3
48 29 5
48 30 3
48 31 4
48 32 5
48 33 3
48 34 1
48 35 2
48 36 4
48 37 2
48 38 2
48 39 4
48 40 4
48 41 4
48 42 4
48 43 3
48 44 5
48 45 5
48 46 5
48 47 3
48 48 1
48 49 4
48 50 5
48 51 1
48 52 4
48 53 4
48 54 3
48 55 3
48 56 4
48 57 4
48 58 0
48 59 0
48 60 5
48 61 5
48 62 1
48 63 5
48 64 0
48 65 2
48 66 0
48 67 1
48 68 5
48 69 0
48 70 2
48 71 5
48 72 4
48 73 0
48 74 4
48 75 5
48 76 3
48 77 1
48 78 5
48 79 0
48 80 1
48 81 5
48 82 4
48 83 3
48 84 0
48 85 0
48 86 5
48 87 2
48 88 3
48 89 4
48 90 3
48 91 0
48 92 5
48 93 1
48 94 1
48 95 5
48 96 1
48 97 2
48 98 5
48 99 3
48 100 3
49 1 0
49 2 0
49 3 1
49 4 2
49 5 2
49 6 3
49 7 4
49 8 4
49 9 0
49 10 0
49 11 2
49 12 2
49 13 3
49 14 3
49 15 4
49 16 3
49 17 4
49 18 4
49 19 3
49 20 0
49 21 4
49 22 2
49 23 2
49 24 0
49 25 4
49 26 0
49 27 2
49 28 4
49 29 3
49 30 2
49 31 3
49 32 4
49 33 3
49 34 1
49 35 5
49 36 2
49 37 4
49 38 0
49 39 0
49 40 5
49 41 0
49 42 3
49 43 3
49 44 3
49 45 5
49 46 4
49 47 3
49 48 1
49 49 4
49 50 5
49 51 3
49 52 0
49 53 1
49 54 2
49 55 2
49 56 0
49 57 4
49 58 4
49 59 2
49 60 0
49 61 3
49 62 1
49 63 5
49 64 0
49 65 0
49 66 5
49 67 0
49 68 3
49 69 3
49 70 2
49 71 1
49 72 2
49 73 4
49 74 0
49 75 2
49 76 1
49 77 2
49 78 4
49 79 3
49 80 3
49 81 3
49 82 3
49 83 5
49 84 2
49 85 3
49 86 1
49 87 2
49 88 4
49 89 2
49 90 4
49 91 0
49 92 2
49 93 3
49 94 4
49 95 4
49 96 3
49 97 5
49 98 3
49 99 4
49 100 1
50 1 5
50 2 3
50 3 1
50 4 3
50 5 0
50 6 1
50 7 2
50 8 3
50 9 2
50 10 0
50 11 5
50 12 0
50 13 5
50 14 5
50 15 1
50 16 5
50 17 0
50 18 3
50 19 5
50 20 1
50 21 3
50 22 0
50 23 1
50 24 1
50 25 2
50 26 0
50 27 1
50 28 1
50 29 0
50 30 1
50 31 4
50 32 5
50 33 5
50 34 4
50 35 0
50 36 3
50 37 2
50 38 5
50 39 2
50 40 4
50 41 0
50 42 2
50 43 2
50 44 3
50 45 0
50 46 1
50 47 1
50 48 2
50 49 1
50 50 5
50 51 4
50 52 3
50 53 0
50 54 4
50 55 0
50 56 5
50 57 0
50 58 1
50 59 4
50 60 1
50 61 3
50 62 2
50 63 0
50 64 2
50 65 2
50 66 5
50 67 5
50 68 5
50 69 5
50 70 3
50 71 2
50 72 3
50 73 4
50 74 1
50 75 4
50 76 5
50 77 0
50 78 5
50 79 0
50 80 2
50 81 4
50 82 2
50 83 1
50 84 2
50 85 5
50 86 2
50 87 2
50 88 1
50 89 1
50 90 2
50 91 2
50 92 5
50 93 1
50 94 4
50 95 2
50 96 0
50 97 2
50 98 1
50 99 3
50 100 3
51 1 2
51 2 3
51 3 1
51 4 0
51 5 5
51 6 5
51 7 1
51 8 5
51 9 0
51 10 4
51 11 5
51 12 0
51 13 3
51 14 1
51 15 4
51 16 0
51 17 3
51 18 2
51 19 0
51 20 4
51 21 1
51 22 0
51 23 3
51 24 5
51 25 5
51 26 3
51 27 1
51 28 4
51 29 4
51 30 2
51 31 5
51 32 0
51 33 5
51 34 3
51 35 5
51 36 3
51 37 0
51 38 0
51 39 2
51 40 0
51 41 3
51 42 0
51 43 5
51 44 3
51 45 2
51 46 5
51 47 0
51 48 5
51 49 3
51 50 1
51 51 5
51 52 1
51 53 2
51 54 1
51 55 2
51 56 3
51 57 1
51 58 4
51 59 0
51 60 5
51 61 3
51 62 5
51 63 3
51 64 4
51 65 4
51 66 5
51 67 2
51 68 2
51 69 3
51 70 3
51 71 5
51 72 5
51 73 3
51 74 5
51 75 2
51 76 1
51 77 1
51 78 0
51 79 5
51 80 5
51 81 4
51 82 1
51 83 0
51 84 4
51 85 2
51 86 4
51 87 2
51 88 5
51 89 0
51 90 2
51 91 2
51 92 3
51 93 5
51 94 0
51 95 1
51 96 0
51 97 1
51 98 2
51 99 0
51 100 0
52 1 2
52 2 5
52 3 3
52 4 3
52 5 1
52 6 2
52 7 3
52 8 3
52 9 3
52 10 5
52 11 0
52 12 2
52 13 0
52 14 5
52 15 5
52 16 3
52 17 5
52 18 5
52 19 1
52 20 1
52 21 4
52 22 2
52 23 5
52 24 1
52 25 4
52 26 3
52 27 5
52 28 0
52 29 3
52 30 1
52 31 5
52 32 3
52 33 4
52 34 2
52 35 4
52 36 0
52 37 5
52 38 2
52 39 5
52 40 2
52 41 1
52 42 1
52 43 4
52 44 3
52 45 5
52 46 4
52 47 5
52 48 5
52 49 5
52 50 4
52 51 0
52 52 0
52 53 5
52 54 1
52 55 1
52 56 5
52 57 3
52 58 1
52 59 1
52 60 2
52 61 2
52 62 4
52 63 2
52 64 2
52 65 0
52 66 2
52 67 3
52 68 2
52 69 1
52 70 0
52 71 3
52 72 1
52 73 3
52 74 1
52 75 4
52 76 4
52 77 4
52 78 4
52 79 0
52 80 1
52 81 5
52 82 1
52 83 5
52 84 3
52 85 2
52 86 5
52 87 4
52 88 4
52 89 0
52 90 2
52 91 0
52 92 0
52 93 1
52 94 4
52 95 5
52 96 4
52 97 4
52 98 0
52 99 2
52 100 1
53 1 4
53 2 4
53 3 4
53 4 1
53 5 4
53 6 3
53 7 3
53 8 2
53 9 0
53 10 3
53 11 1
53 12 0
53 13 3
53 14 1
53 15 5
53 16 0
53 17 4
53 18 4
53 19 3
53 20 5
53 21 0
53 22 4
53 23 2
53 24 5
53 25 4
53 26 3
53 27 0
53 28 4
53 29 1
53 30 2
53 31 0
53 32 2
53 33 3
53 34 1
53 35 4
53 36 2
53 37 2
53 38 0
53 39 5
53 40 4
53 41 0
53 42 4
53 43 3
53 44 1
53 45 1
53 46 1
53 47 5
53 48 3
53 49 0
53 50 0
53 51 2
53 52 2
53 53 1
53 54 1
53 55 2
53 56 2
53 57 0
53 58 4
53 59 2
53 60 4
53 61 3
53 62 2
53 63 1
53 64 0
53 65 4
53 66 0
53 67 3
53 68 0
53 69 5
53 70 4
53 71 1
53 72 0
53 73 4
53 74 0
53 75 5
53 76 2
53 77 0
53 78 5
53 79 3
53 80 4
53 81 0
53 82 5
53 83 4
53 84 1
53 85 0
53 86 4
53 87 2
53 88 5
53 89 2
53 90 2
53 91 0
53 92 0
53 93 3
53 94 2
53 95 2
53 96 5
53 97 3
53 98 3
53 99 4
53 100 1
54 1 4
54 2 5
54 3 0
54 4 1
54 5 0
54 6 0
54 7 3
54 8 2
54 9 5
54 10 2
54 11 5
54 12 3
54 13 1
54 14 5
54 15 4
54 16 4
54 17 4
54 18 0
54 19 4
54 20 0
54 21 2
54 22 3
54 23 3
54 24 3
54 25 0
54 26 0
54 27 4
54 28 1
54 29 1
54 30 3
54 31 2
54 32 5
54 33 5
54 34 1
54 35 5
54 36 3
54 37 4
54 38 2
54 39 0
54 40 2
54 41 1
54 42 2
54 43 4
54 44 2
54 45 2
54 46 1
54 47 1
54 48 4
54 49 3
54 50 0
54 51 4
54 52 5
54 53 1
54 54 3
54 55 5
54 56 5
54 57 2
54 58 5
54 59 0
54 60 2
54 61 0
54 62 3
54 63 0
54 64 1
54 65 4
54 66 0
54 67 3
54 68 3
54 69 1
54 70 2
54 71 5
54 72 2
54 73 3
54 74 4
54 75 5
54 76 1
54 77 1
54 78 4
54 79 4
54 80 0
54 81 0
54 82 3
54 83 0
54 84 1
54 85 0
54 86 3
54 87 1
54 88 3
54 89 1
54 90 2
54 91 5
54 92 5
54 93 2
54 94 3
54 95 3
54 96 5
54 97 3
54 98 5
54 99 0
54 100 2
55 1 1
55 2 3
55 3 0
55 4 5
55 5 2
55 6 3
55 7 3
55 8 2
55 9 4
55 10 5
55 11 5
55 12 1
55 13 4
55 14 3
55 15 3
55 16 1
55 17 2
55 18 3
55 19 3
55 20 3
55 21 0
55 22 1
55 23 1
55 24 4
55 25 4
55 26 4
55 27 0
55 28 5
55 29 4
55 30 1
55 31 5
55 32 5
55 33 0
55 34 0
55 35 3
55 36 5
55 37 4
55 38 5
55 39 5
55 40 3
55 41 3
55 42 4
55 43 5
55 44 5
55 45 2
55 46 1
55 47 4
55 48 3
55 49 5
55 50 0
55 51 0
55 52 4
55 53 0
55 54 3
55 55 1
55 56 0
55 57 0
55 58 4
55 59 1
55 60 1
55 61 2
55 62 4
55 63 1
55 64 0
55 65 2
55 66 4
55 67 5
55 68 3
55 69 3
55 70 2
55 71 0
55 72 0
55 73 0
55 74 5
55 75 5
55 76 1
55 77 5
55 78 2
55 79 1
55 80 0
55 81 1
55 82 1
55 83 5
55 84 5
55 85 5
55 86 0
55 87 1
55 88 4
55 89 2
55 90 4
55 91 0
55 92 0
55 93 4
55 94 4
55 95 2
55 96 1
55 97 1
55 98 1
55 99 0
55 100 0
56 1 0
56 2 4
56 3 2
56 4 5
56 5 2
56 6 4
56 7 1
56 8 1
56 9 3
56 10 4
56 11 1
56 12 5
56 13 2
56 14 3
56 15 1
56 16 3
56 17 4
56 18 1
56 19 2
56 20 2
56 21 3
56 22 0
56 23 4
56 24 5
56 25 4
56 26 5
56 27 4
56 28 5
56 29 3
56 30 3
56 31 0
56 32 5
56 33 0
56 34 5
56 35 5
56 36 5
56 37 4
56 38 0
56 39 2
56 40 0
56 41 2
56 42 2
56 43 4
56 44 4
56 45 2
56 46 5
56 47 5
56 48 5
56 49 5
56 50 0
56 51 3
56 52 1
56 53 4
56 54 1
56 55 2
56 56 1
56 57 1
56 58 5
56 59 3
56 60 3
56 61 2
56 62 3
56 63 2
56 64 1
56 65 3
56 66 1
56 67 0
56 68 2
56 69 3
56 70 2
56 71 1
56 72 5
56 73 1
56 74 0
56 75 0
56 76 5
56 77 5
56 78 4
56 79 2
56 80 2
56 81 4
56 82 0
56 83 0
56 84 0
56 85 1
56 86 0
56 87 2
56 88 0
56 89 5
56 90 2
56 91 3
56 92 2
56 93 0
56 94 0
56 95 2
56 96 2
56 97 3
56 98 2
56 99 2
56 100 1
57 1 2
57 2 0
57 3 3
57 4 3
57 5 3
57 6 1
57 7 3
57 8 3
57 9 5
57 10 5
57 11 5
57 12 0
57 13 0
57 14 1
57 15 4
57 16 2
57 17 1
57 18 1
57 19 0
57 20 3
57 21 2
57 22 2
57 23 1
57 24 4
57 25 3
57 26 3
57 27 2
57 28 5
57 29 2
57 30 0
57 31 3
57 32 5
57 33 1
57 34 5
57 35 5
57 36 4
57 37 4
57 38 5
57 39 0
57 40 4
57 41 1
57 42 0
57 43 5
57 44 0
57 45 2
57 46 0
57 47 0
57 48 2
57 49 3
57 50 1
57 51 0
57 52 4
57 53 3
57 54 5
57 55 2
57 56 1
57 57 0
57 58 4
57 59 0
57 60 1
57 61 1
57 62 1
57 63 2
57 64 5
57 65 5
57 66 2
57 67 3
57 68 5
57 69 1
57 70 2
57 71 4
57 72 1
57 73 5
57 74 0
57 75 1
57 76 5
57 77 0
57 78 3
57 79 2
57 80 3
57 81 0
57 82 0
57 83 2
57 84 2
57 85 3
57 86 2
57 87 1
57 88 2
57 89 5
57 90 3
57 91 0
57 92 1
57 93 0
57 94 0
57 95 5
57 96 2
57 97 5
57 98 1
57 99 1
57 100 3
58 1 5
58 2 1
58 3 2
58 4 5
58 5 4
58 6 4
58 7 5
58 8 4
58 9 0
58 10 2
58 11 0
58 12 4
58 13 0
58 14 1
58 15 0
58 16 0
58 17 1
58 18 2
58 19 3
58 20 0
58 21 3
58 22 4
58 23 4
58 24 5
58 25 4
58 26 4
58 27 4
58 28 0
58 29 1
58 30 1
58 31 5
58 32 5
58 33 3
58 34 4
58 35 4
58 36 3
58 37 0
58 38 4
58 39 3
58 40 2
58 41 5
58 42 1
58 43 2
58 44 0
58 45 2
58 46 2
58 47 5
58 48 2
58 49 0
58 50 5
58 51 5
58 52 0
58 53 1
58 54 1
58 55 3
58 56 5
58 57 0
58 58 3
58 59 3
58 60 4
58 61 0
58 62 4
58 63 0
58 64 4
58 65 2
58 66 4
58 67 3
58 68 1
58 69 0
58 70 5
58 71 1
58 72 2
58 73 4
58 74 2
58 75 0
58 76 4
58 77 5
58 78 1
58 79 3
58 80 1
58 81 5
58 82 4
58 83 5
58 84 0
58 85 3
58 86 3
58 87 2
58 88 4
58 89 3
58 90 1
58 91 1
58 92 3
58 93 1
58 94 1
58 95 2
58 96 1
58 97 3
58 98 1
58 99 5
58 100 5
59 1 3
59 2 3
59 3 2
59 4 5
59 5 1
59 6 2
59 7 4
59 8 0
59 9 2
59 10 0
59 11 0
59 12 4
59 13 4
59 14 2
59 15 4
59 16 0
59 17 0
59 18 5
59 19 0
59 20 0
59 21 2
59 22 2
59 23 0
59 24 4
59 25 3
59 26 2
59 27 5
59 28 2
59 29 5
59 30 3
59 31 5
59 32 5
59 33 5
59 34 4
59 35 5
59 36 4
59 37 5
59 38 2
59 39 3
59 40 5
59 41 3
59 42 5
59 43 2
59 44 0
59 45 5
59 46 1
59 47 1
59 48 0
59 49 1
59 50 0
59 51 3
59 52 0
59 53 3
59 54 5
59 55 1
59 56 4
59 57 3
59 58 5
59 59 4
59 60 0
59 61 1
59 62 5
59 63 0
59 64 2
59 65 5
59 66 2
59 67 4
59 68 4
59 69 4
59 70 1
59 71 2
59 72 2
59 73 0
59 74 2
59 75 1
59 76 3
59 77 0
59 78 1
59 79 2
59 80 3
59 81 2
59 82 2
59 83 3
59 84 0
59 85 4
59 86 0
59 87 2
59 88 4
59 89 3
59 90 5
59 91 0
59 92 0
59 93 4
59 94 1
59 95 0
59 96 1
59 97 5
59 98 2
59 99 1
59 100 0
60 1 3
60 2 0
60 3 4
60 4 3
60 5 1
60 6 2
60 7 4
60 8 3
60 9 4
60 10 1
60 11 0
60 12 4
60 13 3
60 14 5
60 15 5
60 16 2
60 17 1
60 18 4
60 19 1
60 20 2
60 21 2
60 22 4
60 23 3
60 24 2
60 25 0
60 26 0
60 27 4
60 28 1
60 29 5
60 30 1
60 31 4
60 32 5
60 33 1
60 34 1
60 35 2
60 36 1
60 37 0
60 38 4
60 39 4
60 40 3
60 41 5
60 42 5
60 43 1
60 44 1
60 45 1
60 46 1
60 47 1
60 48 4
60 49 5
60 50 5
60 51 3
60 52 2
60 53 3
60 54 3
60 55 5
60 56 1
60 57 2
60 58 3
60 59 0
60 60 5
60 61 5
60 62 3
60 63 4
60 64 1
60 65 4
60 66 5
60 67 5
60 68 1
60 69 4
60 70 2
60 71 2
60 72 4
60 73 2
60 74 2
60 75 2
60 76 3
60 77 3
60 78 5
60 79 5
60 80 0
60 81 2
60 82 0
60 83 1
60 84 3
60 85 0
60 86 0
60 87 2
60 88 0
60 89 4
60 90 4
60 91 1
60 92 4
60 93 3
60 94 3
60 95 5
60 96 4
60 97 1
60 98 3
60 99 0
60 100 2
61 1 1
61 2 0
61 3 3
61 4 2
61 5 0
61 6 5
61 7 0
61 8 2
61 9 3
61 10 4
61 11 0
61 12 4
61 13 5
61 14 1
61 15 0
61 16 4
61 17 5
61 18 5
61 19 1
61 20 4
61 21 1
61 22 1
61 23 2
61 24 0
61 25 4
61 26 5
61 27 4
61 28 3
61 29 1
61 30 2
61 31 2
61 32 1
61 33 2
61 34 0
61 35 1
61 36 2
61 37 1
61 38 5
61 39 5
61 40 3
61 41 2
61 42 0
61 43 0
61 44 3
61 45 5
61 46 5
61 47 2
61 48 1
61 49 2
61 50 0
61 51 4
61 52 3
61 53 5
61 54 5
61 55 5
61 56 4
61 57 0
61 58 4
61 59 0
61 60 4
61 61 3
61 62 1
61 63 3
61 64 2
61 65 0
61 66 4
61 67 4
61 68 1
61 69 5
61 70 3
61 71 5
61 72 5
61 73 1
61 74 1
61 75 2
61 76 4
61 77 3
61 78 3
61 79 1
61 80 5
61 81 1
61 82 2
61 83 2
61 84 0
61 85 2
61 86 4
61 87 4
61 88 1
61 89 4
61 90 3
61 91 2
61 92 1
61 93 5
61 94 4
61 95 2
61 96 3
61 97 4
61 98 0
61 99 5
61 100 1
62 1 4
62 2 3
62 3 0
62 4 3
62 5 0
62 6 0
62 7 0
62 8 5
62 9 3
62 10 1
62 11 2
62 12 5
62 13 4
62 14 0
62 15 4
62 16 2
62 17 3
62 18 5
62 19 0
62 20 1
62 21 2
62 22 3
62 23 3
62 24 0
62 25 2
62 26 3
62 27 5
62 28 3
62 29 4
62 30 1
62 31 3
62 32 1
62 33 2
62 34 0
62 35 2
62 36 1
62 37 3
62 38 2
62 39 3
62 40 0
62 41 2
62 42 1
62 43 0
62 44 1
62 45 2
62 46 0
62 47 0
62 48 1
62 49 4
62 50 4
62 51 2
62 52 4
62 53 4
62 54 5
62 55 4
62 56 1
62 57 0
62 58 5
62 59 3
62 60 3
62 61 0
62 62 1
62 63 5
62 64 2
62 65 3
62 66 3
62 67 2
62 68 0
62 69 1
62 70 5
62 71 0
62 72 2
62 73 4
62 74 5
62 75 4
62 76 3
62 77 2
62 78 2
62 79 5
62 80 5
62 81 3
62 82 1
62 83 4
62 84 3
62 85 0
62 86 5
62 87 5
62 88 1
62 89 1
62 90 4
62 91 1
62 92 4
62 93 2
62 94 5
62 95 3
62 96 3
62 97 0
62 98 1
62 99 1
62 100 0
63 1 0
63 2 1
63 3 3
63 4 1
63 5 4
63 6 4
63 7 0
63 8 5
63 9 0
63 10 2
63 11 3
63 12 5
63 13 5
63 14 4
63 15 1
63 16 4
63 17 4
63 18 2
63 19 0
63 20 2
63 21 1
63 22 5
63 23 5
63 24 0
63 25 3
63 26 3
63 27 4
63 28 3
63 29 4
63 30 0
63 31 2
63 32 2
63 33 3
63 34 3
63 35 1
63 36 4
63 37 5
63 38 2
63 39 5
63 40 0
63 41 4
63 42 4
63 43 3
63 44 4
63 45 4
63 46 4
63 47 2
63 48 1
63 49 1
63 50 2
63 51 0
63 52 2
63 53 1
63 54 2
63 55 5
63 56 4
63 57 0
63 58 5
63 59 3
63 60 2
63 61 5
63 62 0
63 63 1
63 64 3
63 65 2
63 66 1
63 67 5
63 68 2
63 69 5
63 70 1
63 71 2
63 72 4
63 73 1
63 74 2
63 75 5
63 76 0
63 77 2
63 78 0
63 79 4
63 80 2
63 81 4
63 82 4
63 83 2
63 84 1
63 85 2
63 86 3
63 87 4
63 88 4
63 89 0
63 90 3
63 91 0
63 92 0
63 93 4
63 94 5
63 95 1
63 96 3
63 97 1
63 98 3
63 99 2
63 100 5
64 1 4
64 2 2
64 3 3
64 4 2
64 5 0
64 6 3
64 7 1
64 8 4
64 9 1
64 10 5
64 11 2
64 12 4
64 13 1
64 14 2
64 15 0
64 16 5
64 17 0
64 18 1
64 19 2
64 20 2
64 21 1
64 22 1
64 23 0
64 24 3
64 25 5
64 26 4
64 27 1
64 28 5
64 29 1
64 30 3
64 31 1
64 32 1
64 33 3
64 34 0
64 35 2
64 36 3
64 37 1
64 38 1
64 39 3
64 40 3
64 41 5
64 42 3
64 43 4
64 44 1
64 45 0
64 46 4
64 47 5
64 48 2
64 49 1
64 50 0
64 51 2
64 52 1
64 53 5
64 54 4
64 55 4
64 56 2
64 57 2
64 58 3
64 59 2
64 60 3
64 61 5
64 62 1
64 63 1
64 64 5
64 65 0
64 66 4
64 67 4
64 68 0
64 69 1
64 70 2
64 71 1
64 72 0
64 73 4
64 74 5
64 75 1
64 76 2
64 77 3
64 78 2
64 79 4
64 80 0
64 81 3
64 82 3
64 83 0
64 84 1
64 85 5
64 86 2
64 87 2
64 88 3
64 89 0
64 90 1
64 91 1
64 92 2
64 93 2
64 94 0
64 95 2
64 96 2
64 97 0
64 98 5
64 99 2
64 100 3
65 1 4
65 2 0
65 3 5
65 4 1
65 5 3
65 6 2
65 7 0
65 8 1
65 9 3
65 10 3
65 11 3
65 12 0
65 13 5
65 14 5
65 15 0
65 16 0
65 17 3
65 18 1
65 19 0
65 20 1
65 21 5
65 22 3
65 23 2
65 24 3
65 25 2
65 26 4
65 27 5
65 28 3
65 29 0
65 30 4
65 31 3
65 32 5
65 33 2
65 34 3
65 35 2
65 36 5
65 37 4
65 38 2
65 39 2
65 40 3
65 41 5
65 42 2
65 43 1
65 44 0
65 45 4
65 46 3
65 47 0
65 48 5
65 49 0
65 50 1
65 51 1
65 52 4
65 53 5
65 54 4
65 55 4
65 56 2
65 57 5
65 58 4
65 59 1
65 60 4
65 61 3
65 62 4
65 63 4
65 64 0
65 65 5
65 66 4
65 67 4
65 68 2
65 69 1
65 70 2
65 71 1
65 72 3
65 73 2
65 74 2
65 75 3
65 76 4
65 77 4
65 78 2
65 79 0
65 80 0
65 81 1
65 82 2
65 83 0
65 84 4
65 85 0
65 86 3
65 87 2
65 88 1
65 89 2
65 90 3
65 91 5
65 92 5
65 93 0
65 94 2
65 95 4
65 96 3
65 97 5
65 98 4
65 99 1
65 100 0
66 1 0
66 2 4
66 3 2
66 4 0
66 5 5
66 6 2
66 7 2
66 8 5
66 9 2
66 10 3
66 11 0
66 12 5
66 13 5
66 14 0
66 15 4
66 16 3
66 17 2
66 18 4
66 19 2
66 20 4
66 21 3
66 22 3
66 23 0
66 24 4
66 25 2
66 26 4
66 27 0
66 28 1
66 29 2
66 30 3
66 31 4
66 32 3
66 33 2
66 34 5
66 35 5
66 36 2
66 37 0
66 38 5
66 39 2
66 40 0
66 41 2
66 42 3
66 43 4
66 44 4
66 45 4
66 46 4
66 47 5
66 48 4
66 49 5
66 50 5
66 51 3
66 52 5
66 53 1
66 54 0
66 55 3
66 56 2
66 57 1
66 58 2
66 59 2
66 60 2
66 61 1
66 62 5
66 63 2
66 64 5
66 65 2
66 66 1
66 67 5
66 68 2
66 69 0
66 70 3
66 71 2
66 72 5
66 73 2
66 74 4
66 75 5
66 76 1
66 77 0
66 78 3
66 79 0
66 80 5
66 81 5
66 82 1
66 83 2
66 84 2
66 85 1
66 86 5
66 87 5
66 88 5
66 89 2
66 90 0
66 91 4
66 92 5
66 93 2
66 94 0
66 95 4
66 96 5
66 97 0
66 98 5
66 99 3
66 100 2
67 1 0
67 2 0
67 3 1
67 4 5
67 5 2
67 6 4
67 7 3
67 8 3
67 9 3
67 10 1
67 11 4
67 12 3
67 13 3
67 14 5
67 15 1
67 16 0
67 17 3
67 18 1
67 19 4
67 20 2
67 21 2
67 22 5
67 23 3
67 24 3
67 25 4
67 26 5
67 27 2
67 28 1
67 29 3
67 30 5
67 31 0
67 32 5
67 33 2
67 34 2
67 35 2
67 36 4
67 37 3
67 38 1
67 39 4
67 40 2
67 41 4
67 42 1
67 43 1
67 44 0
67 45 0
67 46 5
67 47 4
67 48 1
67 49 5
67 50 1
67 51 1
67 52 0
67 53 0
67 54 5
67 55 2
67 56 1
67 57 1
67 58 2
67 59 2
67 60 4
67 61 0
67 62 2
67 63 3
67 64 1
67 65 3
67 66 5
67 67 0
67 68 2
67 69 3
67 70 2
67 71 2
67 72 5
67 73 2
67 74 0
67 75 3
67 76 1
67 77 0
67 78 1
67 79 4
67 80 0
67 81 5
67 82 1
67 83 1
67 84 3
67 85 5
67 86 5
67 87 2
67 88 4
67 89 4
67 90 0
67 91 4
67 92 2
67 93 1
67 94 0
67 95 5
67 96 1
67 97 0
67 98 3
67 99 1
67 100 2
68 1 4
68 2 3
68 3 1
68 4 5
68 5 5
68 6 1
68 7 4
68 8 0
68 9 5
68 10 4
68 11 4
68 12 1
68 13 4
68 14 3
68 15 3
68 16 3
68 17 3
68 18 1
68 19 3
68 20 1
68 21 2
68 22 1
68 23 2
68 24 4
68 25 3
68 26 0
68 27 3
68 28 4
68 29 2
68 30 4
68 31 4
68 32 0
68 33 3
68 34 5
68 35 0
68 36 3
68 37 5
68 38 2
68 39 3
68 40 2
68 41 1
68 42 0
68 43 5
68 44 1
68 45 3
68 46 0
68 47 1
68 48 3
68 49 5
68 50 4
68 51 5
68 52 4
68 53 1
68 54 4
68 55 2
68 56 4
68 57 5
68 58 3
68 59 2
68 60 0
68 61 3
68 62 3
68 63 1
68 64 4
68 65 4
68 66 2
68 67 3
68 68 4
68 69 0
68 70 2
68 71 1
68 72 2
68 73 3
68 74 0
68 75 5
68 76 4
68 77 2
68 78 4
68 79 3
68 80 3
68 81 1
68 82 2
68 83 3
68 84 2
68 85 2
68 86 4
68 87 2
68 88 1
68 89 4
68 90 0
68 91 1
68 92 2
68 93 1
68 94 0
68 95 2
68 96 5
68 97 2
68 98 3
68 99 2
68 100 4
69 1 4
69 2 1
69 3 3
69 4 3
69 5 3
69 6 3
69 7 2
69 8 5
69 9 5
69 10 4
69 11 1
69 12 4
69 13 2
69 14 4
69 15 3
69 16 0
69 17 3
69 18 4
69 19 4
69 20 4
69 21 2
69 22 5
69 23 1
69 24 2
69 25 2
69 26 1
69 27 4
69 28 4
69 29 5
69 30 4
69 31 2
69 32 2
69 33 0
69 34 4
69 35 5
69 36 0
69 37 0
69 38 1
69 39 0
69 40 5
69 41 1
69 42 2
69 43 1
69 44 2
69 45 3
69 46 4
69 47 0
69 48 0
69 49 0
69 50 4
69 51 3
69 52 2
69 53 4
69 54 2
69 55 1
69 56 4
69 57 1
69 58 5
69 59 0
69 60 2
69 61 1
69 62 3
69 63 3
69 64 0
69 65 3
69 66 3
69 67 1
69 68 4
69 69 0
69 70 5
69 71 2
69 72 3
69 73 4
69 74 4
69 75 0
69 76 2
69 77 2
69 78 5
69 79 3
69 80 3
69 81 3
69 82 5
69 83 5
69 84 4
69 85 1
69 86 2
69 87 2
69 88 2
69 89 5
69 90 5
69 91 4
69 92 5
69 93 4
69 94 4
69 95 3
69 96 2
69 97 0
69 98 4
69 99 3
69 100 3
70 1 2
70 2 1
70 3 2
70 4 1
70 5 2
70 6 0
70 7 1
70 8 2
70 9 1
70 10 4
70 11 3
70 12 0
70 13 3
70 14 4
70 15 5
70 16 3
70 17 4
70 18 1
70 19 1
70 20 1
70 21 5
70 22 4
70 23 3
70 24 1
70 25 3
70 26 2
70 27 1
70 28 2
70 29 3
70 30 5
70 31 1
70 32 4
70 33 1
70 34 2
70 35 3
70 36 5
70 37 3
70 38 1
70 39 2
70 40 5
70 41 5
70 42 1
70 43 4
70 44 0
70 45 5
70 46 1
70 47 3
70 48 0
70 49 1
70 50 0
70 51 5
70 52 3
70 53 3
70 54 1
70 55 5
70 56 4
70 57 4
70 58 4
70 59 4
70 60 5
70 61 3
70 62 5
70 63 2
70 64 5
70 65 0
70 66 4
70 67 1
70 68 1
70 69 4
70 70 2
70 71 5
70 72 2
70 73 4
70 74 2
70 75 0
70 76 2
70 77 4
70 78 0
70 79 1
70 80 1
70 81 4
70 82 1
70 83 3
70 84 0
70 85 1
70 86 3
70 87 2
70 88 1
70 89 3
70 90 5
70 91 1
70 92 5
70 93 4
70 94 0
70 95 1
70 96 4
70 97 3
70 98 3
70 99 3
70 100 4
71 1 3
71 2 3
71 3 2
71 4 4
71 5 0
71 6 2
71 7 5
71 8 0
71 9 3
71 10 2
71 11 0
71 12 1
71 13 4
71 14 2
71 15 2
71 16 1
71 17 5
71 18 4
71 19 3
71 20 3
71 21 4
71 22 3
71 23 2
71 24 4
71 25 0
71 26 3
71 27 3
71 28 5
71 29 4
71 30 1
71 31 3
71 32 4
71 33 1
71 34 2
71 35 2
71 36 5
71 37 1
71 38 1
71 39 3
71 40 2
71 41 1
71 42 3
71 43 5
71 44 0
71 45 2
71 46 2
71 47 0
71 48 2
71 49 1
71 50 0
71 51 3
71 52 0
71 53 0
71 54 3
71 55 2
71 56 3
71 57 1
71 58 5
71 59 1
71 60 3
71 61 5
71 62 5
71 63 3
71 64 3
71 65 4
71 66 3
71 67 1
71 68 3
71 69 4
71 70 2
71 71 0
71 72 5
71 73 5
71 74 5
71 75 2
71 76 4
71 77 4
71 78 1
71 79 1
71 80 3
71 81 0
71 82 2
71 83 2
71 84 0
71 85 4
71 86 4
71 87 2
71 88 1
71 89 4
71 90 5
71 91 3
71 92 5
71 93 4
71 94 4
71 95 2
71 96 4
71 97 2
71 98 1
71 99 0
71 100 0
72 1 4
72 2 4
72 3 3
72 4 4
72 5 4
72 6 2
72 7 3
72 8 2
72 9 1
72 10 5
72 11 1
72 12 2
72 13 0
72 14 2
72 15 2
72 16 3
72 17 5
72 18 3
72 19 5
72 20 1
72 21 3
72 22 0
72 23 0
72 24 2
72 25 1
72 26 3
72 27 0
72 28 0
72 29 1
72 30 0
72 31 1
72 32 5
72 33 4
72 34 1
72 35 1
72 36 4
72 37 5
72 38 4
72 39 4
72 40 0
72 41 5
72 42 3
72 43 0
72 44 0
72 45 2
72 46 2
72 47 0
72 48 3
72 49 0
72 50 5
72 51 0
72 52 2
72 53 5
72 54 0
72 55 4
72 56 2
72 57 3
72 58 4
72 59 1
72 60 2
72 61 0
72 62 0
72 63 0
72 64 5
72 65 5
72 66 4
72 67 3
72 68 5
72 69 0
72 70 2
72 71 0
72 72 1
72 73 1
72 74 4
72 75 1
72 76 4
72 77 0
72 78 4
72 79 1
72 80 4
72 81 1
72 82 1
72 83 4
72 84 3
72 85 4
72 86 0
72 87 4
72 88 4
72 89 1
72 90 0
72 91 2
72 92 4
72 93 5
72 94 3
72 95 0
72 96 2
72 97 1
72 98 4
72 99 2
72 100 4
73 1 1
73 2 2
73 3 3
73 4 0
73 5 0
73 6 5
73 7 3
73 8 4
73 9 4
73 10 1
73 11 3
73 12 4
73 13 3
73 14 3
73 15 2
73 16 3
73 17 2
73 18 0
73 19 2
73 20 1
73 21 3
73 22 1
73 23 0
73 24 1
73 25 1
73 26 2
73 27 2
73 28 3
73 29 4
73 30 3
73 31 4
73 32 4
73 33 4
73 34 3
73 35 1
73 36 5
73 37 0
73 38 5
73 39 3
73 40 3
73 41 3
73 42 1
73 43 5
73 44 1
73 45 5
73 46 3
73 47 1
73 48 4
73 49 5
73 50 4
73 51 0
73 52 5
73 53 4
73 54 3
73 55 2
73 56 0
73 57 5
73 58 1
73 59 0
73 60 3
73 61 4
73 62 2
73 63 4
73 64 0
73 65 5
73 66 2
73 67 1
73 68 3
73 69 3
73 70 2
73 71 0
73 72 2
73 73 1
73 74 5
73 75 2
73 76 5
73 77 0
73 78 4
73 79 2
73 80 0
73 81 4
73 82 1
73 83 1
73 84 0
73 85 4
73 86 3
73 87 0
73 88 0
73 89 0
73 90 3
73 91 0
73 92 4
73 93 3
73 94 0
73 95 1
73 96 4
73 97 1
73 98 5
73 99 1
73 100 2
74 1 2
74 2 2
74 3 0
74 4 0
74 5 1
74 6 4
74 7 2
74 8 1
74 9 2
74 10 3
74 11 5
74 12 1
74 13 5
74 14 4
74 15 1
74 16 2
74 17 5
74 18 3
74 19 5
74 20 5
74 21 5
74 22 5
74 23 1
74 24 5
74 25 5
74 26 2
74 27 2
74 28 3
74 29 0
74 30 3
74 31 3
74 32 5
74 33 2
74 34 2
74 35 5
74 36 4
74 37 1
74 38 4
74 39 5
74 40 2
74 41 2
74 42 1
74 43 2
74 44 2
74 45 5
74 46 3
74 47 5
74 48 3
74 49 4
74 50 0
74 51 0
74 52 3
74 53 5
74 54 0
74 55 0
74 56 4
74 57 4
74 58 2
74 59 3
74 60 5
74 61 0
74 62 4
74 63 5
74 64 3
74 65 4
74 66 1
74 67 1
74 68 1
74 69 4
74 70 2
74 71 2
74 72 3
74 73 4
74 74 4
74 75 5
74 76 2
74 77 5
74 78 3
74 79 1
74 80 4
74 81 5
74 82 2
74 83 4
74 84 1
74 85 1
74 86 4
74 87 5
74 88 2
74 89 3
74 90 2
74 91 5
74 92 5
74 93 1
74 94 3
74 95 4
74 96 3
74 97 4
74 98 0
74 99 1
74 100 0
75 1 3
75 2 1
75 3 0
75 4 2
75 5 2
75 6 1
75 7 5
75 8 1
75 9 4
75 10 3
75 11 5
75 12 3
75 13 4
75 14 4
75 15 2
75 16 0
75 17 4
75 18 0
75 19 4
75 20 0
75 21 3
75 22 1
75 23 2
75 24 0
75 25 0
75 26 4
75 27 4
75 28 4
75 29 4
75 30 2
75 31 5
75 32 5
75 33 1
75 34 0
75 35 3
75 36 2
75 37 0
75 38 5
75 39 5
75 40 0
75 41 5
75 42 1
75 43 0
75 44 0
75 45 1
75 46 3
75 47 2
75 48 2
75 49 4
75 50 0
75 51 1
75 52 4
75 53 3
75 54 0
75 55 1
75 56 2
75 57 0
75 58 3
75 59 0
75 60 1
75 61 5
75 62 3
75 63 0
75 64 5
75 65 1
75 66 2
75 67 0
75 68 2
75 69 0
75 70 0
75 71 1
75 72 3
75 73 1
75 74 3
75 75 4
75 76 0
75 77 0
75 78 0
75 79 0
75 80 5
75 81 1
75 82 0
75 83 0
75 84 1
75 85 1
75 86 5
75 87 5
75 88 4
75 89 4
75 90 5
75 91 4
75 92 2
75 93 2
75 94 5
75 95 5
75 96 1
75 97 0
75 98 4
75 99 1
75 100 1
76 1 5
76 2 1
76 3 1
76 4 2
76 5 5
76 6 4
76 7 3
76 8 0
76 9 3
76 10 3
76 11 4
76 12 0
76 13 2
76 14 3
76 15 4
76 16 3
76 17 1
76 18 0
76 19 5
76 20 0
76 21 1
76 22 1
76 23 4
76 24 5
76 25 2
76 26 0
76 27 3
76 28 5
76 29 5
76 30 4
76 31 5
76 32 4
76 33 2
76 34 4
76 35 3
76 36 1
76 37 1
76 38 1
76 39 2
76 40 2
76 41 3
76 42 5
76 43 1
76 44 3
76 45 5
76 46 0
76 47 5
76 48 3
76 49 3
76 50 1
76 51 4
76 52 5
76 53 5
76 54 3
76 55 2
76 56 3
76 57 1
76 58 0
76 59 1
76 60 3
76 61 4
76 62 3
76 63 5
76 64 2
76 65 3
76 66 1
76 67 5
76 68 5
76 69 2
76 70 1
76 71 3
76 72 4
76 73 5
76 74 4
76 75 1
76 76 1
76 77 2
76 78 2
76 79 2
76 80 1
76 81 1
76 82 0
76 83 5
76 84 3
76 85 2
76 86 0
76 87 5
76 88 2
76 89 1
76 90 3
76 91 0
76 92 2
76 93 1
76 94 0
76 95 2
76 96 3
76 97 5
76 98 3
76 99 3
76 100 1
77 1 4
77 2 1
77 3 0
77 4 5
77 5 4
77 6 1
77 7 4
77 8 1
77 9 2
77 10 0
77 11 1
77 12 0
77 13 4
77 14 0
77 15 5
77 16 3
77 17 5
77 18 3
77 19 2
77 20 3
77 21 4
77 22 4
77 23 5
77 24 1
77 25 0
77 26 2
77 27 3
77 28 3
77 29 0
77 30 0
77 31 4
77 32 0
77 33 2
77 34 4
77 35 5
77 36 2
77 37 4
77 38 0
77 39 1
77 40 2
77 41 4
77 42 0
77 43 3
77 44 2
77 45 5
77 46 2
77 47 0
77 48 2
77 49 2
77 50 4
77 51 2
77 52 1
77 53 5
77 54 5
77 55 1
77 56 2
77 57 1
77 58 5
77 59 3
77 60 3
77 61 0
77 62 3
77 63 1
77 64 1
77 65 5
77 66 2
77 67 4
77 68 3
77 69 4
77 70 1
77 71 4
77 72 0
77 73 3
77 74 2
77 75 3
77 76 5
77 77 4
77 78 0
77 79 3
77 80 3
77 81 0
77 82 3
77 83 4
77 84 5
77 85 3
77 86 1
77 87 5
77 88 3
77 89 2
77 90 5
77 91 1
77 92 5
77 93 1
77 94 1
77 95 2
77 96 5
77 97 0
77 98 3
77 99 2
77 100 5
78 1 3
78 2 1
78 3 2
78 4 0
78 5 0
78 6 1
78 7 0
78 8 2
78 9 0
78 10 3
78 11 0
78 12 5
78 13 5
78 14 1
78 15 4
78 16 3
78 17 1
78 18 1
78 19 1
78 20 1
78 21 3
78 22 5
78 23 1
78 24 3
78 25 1
78 26 5
78 27 3
78 28 0
78 29 1
78 30 1
78 31 2
78 32 3
78 33 2
78 34 2
78 35 0
78 36 5
78 37 2
78 38 0
78 39 3
78 40 1
78 41 2
78 42 1
78 43 2
78 44 5
78 45 2
78 46 1
78 47 4
78 48 5
78 49 2
78 50 5
78 51 1
78 52 5
78 53 2
78 54 5
78 55 2
78 56 3
78 57 2
78 58 5
78 59 2
78 60 1
78 61 5
78 62 1
78 63 2
78 64 3
78 65 4
78 66 5
78 67 4
78 68 5
78 69 4
78 70 4
78 71 5
78 72 0
78 73 1
78 74 0
78 75 0
78 76 4
78 77 5
78 78 4
78 79 5
78 80 3
78 81 5
78 82 1
78 83 1
78 84 4
78 85 5
78 86 2
78 87 3
78 88 1
78 89 3
78 90 1
78 91 1
78 92 0
78 93 5
78 94 1
78 95 0
78 96 0
78 97 5
78 98 3
78 99 4
78 100 5
79 1 1
79 2 3
79 3 5
79 4 5
79 5 2
79 6 4
79 7 5
79 8 4
79 9 1
79 10 3
79 11 3
79 12 2
79 13 0
79 14 5
79 15 0
79 16 2
79 17 0
79 18 5
79 19 2
79 20 1
79 21 3
79 22 2
79 23 4
79 24 5
79 25 4
79 26 3
79 27 5
79 28 2
79 29 5
79 30 2
79 31 4
79 32 5
79 33 0
79 34 1
79 35 2
79 36 5
79 37 3
79 38 5
79 39 3
79 40 0
79 41 3
79 42 4
79 43 4
79 44 3
79 45 0
79 46 1
79 47 2
79 48 4
79 49 0
79 50 4
79 51 3
79 52 1
79 53 2
79 54 4
79 55 3
79 56 4
79 57 1
79 58 1
79 59 2
79 60 3
79 61 0
79 62 0
79 63 0
79 64 3
79 65 0
79 66 2
79 67 0
79 68 3
79 69 0
79 70 1
79 71 0
79 72 5
79 73 3
79 74 4
79 75 3
79 76 4
79 77 0
79 78 0
79 79 5
79 80 2
79 81 5
79 82 1
79 83 5
79 84 5
79 85 4
79 86 3
79 87 3
79 88 5
79 89 1
79 90 4
79 91 5
79 92 4
79 93 1
79 94 0
79 95 1
79 96 1
79 97 1
79 98 5
79 99 0
79 100 3
80 1 0
80 2 4
80 3 2
80 4 3
80 5 3
80 6 0
80 7 5
80 8 2
80 9 5
80 10 4
80 11 5
80 12 1
80 13 5
80 14 4
80 15 5
80 16 3
80 17 1
80 18 5
80 19 1
80 20 2
80 21 1
80 22 0
80 23 5
80 24 4
80 25 0
80 26 5
80 27 1
80 28 3
80 29 4
80 30 4
80 31 1
80 32 2
80 33 0
80 34 3
80 35 1
80 36 5
80 37 0
80 38 4
80 39 0
80 40 1
80 41 2
80 42 0
80 43 5
80 44 3
80 45 0
80 46 1
80 47 1
80 48 0
80 49 1
80 50 1
80 51 5
80 52 3
80 53 5
80 54 4
80 55 5
80 56 4
80 57 3
80 58 2
80 59 5
80 60 2
80 61 2
80 62 3
80 63 4
80 64 3
80 65 5
80 66 2
80 67 1
80 68 3
80 69 3
80 70 3
80 71 5
80 72 5
80 73 0
80 74 3
80 75 1
80 76 4
80 77 0
80 78 4
80 79 2
80 80 0
80 81 5
80 82 1
80 83 4
80 84 0
80 85 1
80 86 1
80 87 3
80 88 0
80 89 5
80 90 0
80 91 4
80 92 5
80 93 5
80 94 4
80 95 5
80 96 3
80 97 1
80 98 0
80 99 3
80 100 0
81 1 3
81 2 5
81 3 0
81 4 4
81 5 3
81 6 5
81 7 1
81 8 3
81 9 2
81 10 1
81 11 0
81 12 1
81 13 0
81 14 0
81 15 1
81 16 4
81 17 3
81 18 5
81 19 5
81 20 5
81 21 2
81 22 1
81 23 1
81 24 5
81 25 5
81 26 0
81 27 4
81 28 3
81 29 1
81 30 5
81 31 3
81 32 3
81 33 2
81 34 2
81 35 0
81 36 3
81 37 5
81 38 0
81 39 5
81 40 1
81 41 2
81 42 1
81 43 5
81 44 0
81 45 4
81 46 1
81 47 5
81 48 4
81 49 3
81 50 3
81 51 5
81 52 3
81 53 5
81 54 0
81 55 3
81 56 1
81 57 3
81 58 0
81 59 3
81 60 5
81 61 1
81 62 5
81 63 2
81 64 0
81 65 4
81 66 3
81 67 5
81 68 2
81 69 2
81 70 0
81 71 0
81 72 3
81 73 3
81 74 2
81 75 3
81 76 0
81 77 0
81 78 0
81 79 1
81 80 2
81 81 3
81 82 1
81 83 3
81 84 5
81 85 3
81 86 0
81 87 4
81 88 3
81 89 1
81 90 1
81 91 4
81 92 0
81 93 0
81 94 2
81 95 0
81 96 5
81 97 2
81 98 3
81 99 1
81 100 3
82 1 3
82 2 0
82 3 1
82 4 3
82 5 1
82 6 5
82 7 5
82 8 4
82 9 2
82 10 3
82 11 2
82 12 5
82 13 1
82 14 2
82 15 5
82 16 4
82 17 0
82 18 5
82 19 2
82 20 2
82 21 1
82 22 3
82 23 5
82 24 5
82 25 2
82 26 1
82 27 0
82 28 1
82 29 4
82 30 0
82 31 5
82 32 5
82 33 3
82 34 4
82 35 1
82 36 1
82 37 3
82 38 0
82 39 4
82 40 5
82 41 0
82 42 0
82 43 5
82 44 4
82 45 2
82 46 5
82 47 5
82 48 1
82 49 1
82 50 5
82 51 5
82 52 0
82 53 3
82 54 2
82 55 0
82 56 1
82 57 4
82 58 2
82 59 3
82 60 3
82 61 1
82 62 1
82 63 4
82 64 3
82 65 0
82 66 3
82 67 3
82 68 1
82 69 0
82 70 1
82 71 1
82 72 5
82 73 5
82 74 0
82 75 3
82 76 1
82 77 5
82 78 4
82 79 3
82 80 0
82 81 3
82 82 3
82 83 2
82 84 3
82 85 5
82 86 3
82 87 5
82 88 4
82 89 1
82 90 0
82 91 3
82 92 3
82 93 0
82 94 4
82 95 2
82 96 2
82 97 3
82 98 1
82 99 0
82 100 1
83 1 2
83 2 1
83 3 1
83 4 1
83 5 0
83 6 4
83 7 4
83 8 3
83 9 5
83 10 3
83 11 1
83 12 1
83 13 1
83 14 2
83 15 0
83 16 3
83 17 0
83 18 5
83 19 1
83 20 5
83 21 5
83 22 3
83 23 5
83 24 1
83 25 1
83 26 5
83 27 3
83 28 0
83 29 4
83 30 2
83 31 5
83 32 1
83 33 4
83 34 5
83 35 0
83 36 2
83 37 0
83 38 2
83 39 3
83 40 5
83 41 5
83 42 5
83 43 5
83 44 0
83 45 2
83 46 0
83 47 3
83 48 1
83 49 3
83 50 0
83 51 2
83 52 1
83 53 0
83 54 1
83 55 3
83 56 2
83 57 3
83 58 1
83 59 2
83 60 0
83 61 2
83 62 2
83 63 4
83 64 4
83 65 1
83 66 1
83 67 0
83 68 3
83 69 1
83 70 2
83 71 2
83 72 2
83 73 3
83 74 0
83 75 3
83 76 3
83 77 5
83 78 5
83 79 1
83 80 0
83 81 5
83 82 5
83 83 2
83 84 5
83 85 5
83 86 1
83 87 2
83 88 1
83 89 2
83 90 4
83 91 5
83 92 5
83 93 5
83 94 1
83 95 2
83 96 4
83 97 4
83 98 2
83 99 3
83 100 3
84 1 5
84 2 3
84 3 0
84 4 3
84 5 0
84 6 0
84 7 2
84 8 3
84 9 1
84 10 4
84 11 1
84 12 5
84 13 4
84 14 4
84 15 2
84 16 5
84 17 2
84 18 4
84 19 4
84 20 3
84 21 1
84 22 3
84 23 4
84 24 1
84 25 0
84 26 5
84 27 0
84 28 3
84 29 1
84 30 1
84 31 1
84 32 0
84 33 5
84 34 2
84 35 4
84 36 4
84 37 1
84 38 3
84 39 5
84 40 0
84 41 0
84 42 3
84 43 3
84 44 1
84 45 5
84 46 0
84 47 0
84 48 4
84 49 2
84 50 3
84 51 1
84 52 0
84 53 3
84 54 2
84 55 5
84 56 5
84 57 2
84 58 5
84 59 1
84 60 1
84 61 5
84 62 3
84 63 5
84 64 3
84 65 2
84 66 2
84 67 5
84 68 3
84 69 0
84 70 3
84 71 1
84 72 1
84 73 3
84 74 2
84 75 5
84 76 1
84 77 5
84 78 0
84 79 3
84 80 1
84 81 0
84 82 4
84 83 4
84 84 0
84 85 4
84 86 3
84 87 0
84 88 5
84 89 1
84 90 4
84 91 0
84 92 5
84 93 2
84 94 3
84 95 0
84 96 5
84 97 2
84 98 0
84 99 5
84 100 2
85 1 5
85 2 5
85 3 3
85 4 2
85 5 1
85 6 0
85 7 0
85 8 4
85 9 1
85 10 4
85 11 5
85 12 3
85 13 4
85 14 3
85 15 1
85 16 3
85 17 1
85 18 3
85 19 1
85 20 1
85 21 2
85 22 4
85 23 3
85 24 0
85 25 5
85 26 1
85 27 4
85 28 5
85 29 4
85 30 1
85 31 1
85 32 1
85 33 1
85 34 1
85 35 3
85 36 4
85 37 1
85 38 0
85 39 3
85 40 4
85 41 1
85 42 1
85 43 2
85 44 1
85 45 1
85 46 5
85 47 5
85 48 1
85 49 4
85 50 3
85 51 4
85 52 4
85 53 0
85 54 1
85 55 4
85 56 1
85 57 0
85 58 0
85 59 0
85 60 3
85 61 0
85 62 4
85 63 0
85 64 0
85 65 4
85 66 3
85 67 5
85 68 5
85 69 2
85 70 2
85 71 0
85 72 0
85 73 0
85 74 0
85 75 3
85 76 3
85 77 5
85 78 4
85 79 5
85 80 4
85 81 2
85 82 1
85 83 1
85 84 3
85 85 3
85 86 1
85 87 5
85 88 2
85 89 2
85 90 0
85 91 3
85 92 0
85 93 0
85 94 5
85 95 1
85 96 3
85 97 4
85 98 4
85 99 2
85 100 1
86 1 1
86 2 1
86 3 3
86 4 1
86 5 4
86 6 1
86 7 0
86 8 0
86 9 4
86 10 0
86 11 3
86 12 4
86 13 0
86 14 0
86 15 0
86 16 2
86 17 5
86 18 3
86 19 4
86 20 4
86 21 4
86 22 2
86 23 0
86 24 0
86 25 3
86 26 2
86 27 2
86 28 1
86 29 4
86 30 5
86 31 3
86 32 5
86 33 3
86 34 3
86 35 1
86 36 3
86 37 1
86 38 4
86 39 4
86 40 1
86 41 0
86 42 3
86 43 2
86 44 2
86 45 4
86 46 2
86 47 4
86 48 4
86 49 1
86 50 5
86 51 4
86 52 3
86 53 5
86 54 4
86 55 5
86 56 3
86 57 1
86 58 0
86 59 2
86 60 1
86 61 1
86 62 2
86 63 4
86 64 3
86 65 2
86 66 4
86 67 2
86 68 2
86 69 3
86 70 2
86 71 2
86 72 4
86 73 5
86 74 2
86 75 3
86 76 4
86 77 4
86 78 2
86 79 3
86 80 0
86 81 4
86 82 5
86 83 2
86 84 1
86 85 3
86 86 2
86 87 3
86 88 1
86 89 2
86 90 0
86 91 3
86 92 2
86 93 2
86 94 2
86 95 2
86 96 0
86 97 2
86 98 0
86 99 2
86 100 0
87 1 1
87 2 2
87 3 2
87 4 0
87 5 4
87 6 3
87 7 5
87 8 2
87 9 5
87 10 2
87 11 1
87 12 3
87 13 2
87 14 0
87 15 1
87 16 2
87 17 3
87 18 0
87 19 0
87 20 2
87 21 4
87 22 0
87 23 3
87 24 1
87 25 2
87 26 4
87 27 1
87 28 3
87 29 3
87 30 2
87 31 5
87 32 5
87 33 5
87 34 5
87 35 5
87 36 3
87 37 3
87 38 4
87 39 5
87 40 2
87 41 0
87 42 1
87 43 1
87 44 0
87 45 2
87 46 0
87 47 3
87 48 3
87 49 4
87 50 2
87 51 0
87 52 4
87 53 4
87 54 5
87 55 0
87 56 4
87 57 1
87 58 4
87 59 1
87 60 4
87 61 1
87 62 4
87 63 2
87 64 5
87 65 1
87 66 2
87 67 1
87 68 5
87 69 0
87 70 1
87 71 5
87 72 4
87 73 1
87 74 4
87 75 4
87 76 1
87 77 5
87 78 2
87 79 2
87 80 4
87 81 4
87 82 4
87 83 3
87 84 5
87 85 2
87 86 2
87 87 5
87 88 5
87 89 3
87 90 5
87 91 0
87 92 4
87 93 4
87 94 3
87 95 0
87 96 3
87 97 0
87 98 5
87 99 0
87 100 3
88 1 4
88 2 3
88 3 5
88 4 5
88 5 3
88 6 4
88 7 5
88 8 3
88 9 4
88 10 3
88 11 0
88 12 0
88 13 4
88 14 1
88 15 3
88 16 2
88 17 0
88 18 1
88 19 0
88 20 5
88 21 0
88 22 4
88 23 2
88 24 0
88 25 0
88 26 0
88 27 1
88 28 4
88 29 5
88 30 3
88 31 4
88 32 0
88 33 1
88 34 5
88 35 0
88 36 3
88 37 1
88 38 1
88 39 2
88 40 2
88 41 0
88 42 2
88 43 2
88 44 1
88 45 5
88 46 3
88 47 0
88 48 4
88 49 3
88 50 2
88 51 0
88 52 4
88 53 5
88 54 3
88 55 4
88 56 4
88 57 1
88 58 4
88 59 1
88 60 3
88 61 3
88 62 5
88 63 5
88 64 0
88 65 4
88 66 5
88 67 0
88 68 5
88 69 0
88 70 3
88 71 2
88 72 2
88 73 5
88 74 0
88 75 5
88 76 3
88 77 3
88 78 3
88 79 4
88 80 2
88 81 4
88 82 2
88 83 3
88 84 5
88 85 1
88 86 2
88 87 3
88 88 1
88 89 5
88 90 2
88 91 5
88 92 2
88 93 5
88 94 1
88 95 1
88 96 3
88 97 3
88 98 1
88 99 4
88 100 4
89 1 2
89 2 2
89 3 0
89 4 0
89 5 5
89 6 2
89 7 2
89 8 3
89 9 3
89 10 2
89 11 1
89 12 2
89 13 1
89 14 3
89 15 5
89 16 0
89 17 2
89 18 2
89 19 5
89 20 0
89 21 0
89 22 0
89 23 4
89 24 3
89 25 4
89 26 5
89 27 1
89 28 5
89 29 2
89 30 1
89 31 4
89 32 3
89 33 0
89 34 5
89 35 4
89 36 0
89 37 5
89 38 4
89 39 2
89 40 4
89 41 3
89 42 2
89 43 0
89 44 1
89 45 4
89 46 1
89 47 0
89 48 2
89 49 0
89 50 3
89 51 5
89 52 1
89 53 1
89 54 2
89 55 0
89 56 4
89 57 3
89 58 1
89 59 3
89 60 1
89 61 0
89 62 3
89 63 1
89 64 3
89 65 2
89 66 1
89 67 4
89 68 0
89 69 1
89 70 5
89 71 5
89 72 2
89 73 0
89 74 0
89 75 3
89 76 0
89 77 2
89 78 0
89 79 3
89 80 5
89 81 1
89 82 2
89 83 5
89 84 4
89 85 0
89 86 5
89 87 1
89 88 0
89 89 1
89 90 4
89 91 4
89 92 1
89 93 1
89 94 0
89 95 0
89 96 5
89 97 1
89 98 0
89 99 1
89 100 2
90 1 4
90 2 5
90 3 5
90 4 3
90 5 5
90 6 0
90 7 0
90 8 1
90 9 1
90 10 1
90 11 2
90 12 0
90 13 2
90 14 3
90 15 3
90 16 4
90 17 4
90 18 4
90 19 0
90 20 5
90 21 1
90 22 2
90 23 2
90 24 0
90 25 4
90 26 5
90 27 3
90 28 3
90 29 2
90 30 3
90 31 4
90 32 5
90 33 3
90 34 0
90 35 1
90 36 0
90 37 2
90 38 1
90 39 1
90 40 0
90 41 3
90 42 3
90 43 2
90 44 2
90 45 1
90 46 0
90 47 1
90 48 4
90 49 5
90 50 5
90 51 1
90 52 1
90 53 1
90 54 1
90 55 5
90 56 0
90 57 5
90 58 1
90 59 5
90 60 3
90 61 3
90 62 1
90 63 3
90 64 2
90 65 0
90 66 5
90 67 0
90 68 4
90 69 1
90 70 5
90 71 2
90 72 3
90 73 1
90 74 2
90 75 3
90 76 1
90 77 3
90 78 3
90 79 1
90 80 1
90 81 1
90 82 0
90 83 4
90 84 5
90 85 0
90 86 4
90 87 2
90 88 2
90 89 2
90 90 5
90 91 1
90 92 1
90 93 2
90 94 2
90 95 0
90 96 3
90 97 3
90 98 2
90 99 0
90 100 1
91 1 1
91 2 1
91 3 5
91 4 4
91 5 2
91 6 1
91 7 4
91 8 3
91 9 3
91 10 5
91 11 1
91 12 2
91 13 1
91 14 3
91 15 5
91 16 1
91 17 5
91 18 0
91 19 3
91 20 5
91 21 3
91 22 5
91 23 4
91 24 2
91 25 4
91 26 2
91 27 1
91 28 0
91 29 5
91 30 4
91 31 2
91 32 4
91 33 3
91 34 0
91 35 3
91 36 2
91 37 5
91 38 1
91 39 3
91 40 5
91 41 5
91 42 4
91 43 1
91 44 3
91 45 1
91 46 0
91 47 5
91 48 3
91 49 2
91 50 3
91 51 5
91 52 0
91 53 2
91 54 3
91 55 5
91 56 2
91 57 2
91 58 5
91 59 0
91 60 4
91 61 3
91 62 1
91 63 2
91 64 5
91 65 1
91 66 5
91 67 1
91 68 0
91 69 0
91 70 0
91 71 5
91 72 3
91 73 2
91 74 5
91 75 4
91 76 4
91 77 0
91 78 5
91 79 3
91 80 3
91 81 3
91 82 2
91 83 5
91 84 2
91 85 1
91 86 1
91 87 2
91 88 1
91 89 5
91 90 1
91 91 3
91 92 0
91 93 1
91 94 0
91 95 3
91 96 4
91 97 3
91 98 1
91 99 2
91 100 4
92 1 2
92 2 5
92 3 0
92 4 5
92 5 0
92 6 4
92 7 5
92 8 3
92 9 5
92 10 1
92 11 4
92 12 5
92 13 0
92 14 0
92 15 0
92 16 4
92 17 4
92 18 3
92 19 2
92 20 5
92 21 2
92 22 4
92 23 0
92 24 0
92 25 5
92 26 3
92 27 0
92 28 2
92 29 2
92 30 0
92 31 3
92 32 4
92 33 5
92 34 4
92 35 2
92 36 4
92 37 0
92 38 4
92 39 4
92 40 4
92 41 0
92 42 0
92 43 2
92 44 2
92 45 0
92 46 2
92 47 5
92 48 4
92 49 2
92 50 1
92 51 2
92 52 0
92 53 0
92 54 2
92 55 5
92 56 5
92 57 2
92 58 4
92 59 3
92 60 5
92 61 0
92 62 5
92 63 5
92 64 5
92 65 0
92 66 0
92 67 4
92 68 5
92 69 3
92 70 3
92 71 0
92 72 1
92 73 3
92 74 0
92 75 3
92 76 5
92 77 3
92 78 1
92 79 0
92 80 2
92 81 2
92 82 2
92 83 3
92 84 4
92 85 2
92 86 5
92 87 1
92 88 4
92 89 4
92 90 4
92 91 5
92 92 3
92 93 1
92 94 2
92 95 3
92 96 4
92 97 5
92 98 1
92 99 2
92 100 1
93 1 4
93 2 0
93 3 0
93 4 0
93 5 2
93 6 3
93 7 5
93 8 1
93 9 0
93 10 3
93 11 3
93 12 2
93 13 5
93 14 5
93 15 4
93 16 1
93 17 4
93 18 4
93 19 1
93 20 2
93 21 2
93 22 0
93 23 3
93 24 0
93 25 4
93 26 3
93 27 0
93 28 4
93 29 5
93 30 0
93 31 3
93 32 5
93 33 2
93 34 4
93 35 5
93 36 1
93 37 3
93 38 5
93 39 3
93 40 0
93 41 3
93 42 1
93 43 4
93 44 4
93 45 2
93 46 3
93 47 5
93 48 4
93 49 2
93 50 4
93 51 3
93 52 0
93 53 1
93 54 1
93 55 3
93 56 2
93 57 3
93 58 3
93 59 4
93 60 1
93 61 4
93 62 3
93 63 0
93 64 2
93 65 3
93 66 2
93 67 1
93 68 0
93 69 3
93 70 0
93 71 5
93 72 2
93 73 4
93 74 0
93 75 5
93 76 1
93 77 5
93 78 3
93 79 1
93 80 3
93 81 3
93 82 5
93 83 0
93 84 2
93 85 3
93 86 0
93 87 4
93 88 0
93 89 0
93 90 3
93 91 3
93 92 4
93 93 4
93 94 3
93 95 4
93 96 1
93 97 2
93 98 4
93 99 5
93 100 1
94 1 2
94 2 2
94 3 5
94 4 4
94 5 1
94 6 5
94 7 3
94 8 0
94 9 3
94 10 2
94 11 0
94 12 4
94 13 5
94 14 0
94 15 3
94 16 0
94 17 4
94 18 3
94 19 3
94 20 5
94 21 4
94 22 3
94 23 1
94 24 4
94 25 5
94 26 0
94 27 0
94 28 0
94 29 2
94 30 3
94 31 1
94 32 1
94 33 2
94 34 3
94 35 5
94 36 1
94 37 4
94 38 3
94 39 2
94 40 3
94 41 0
94 42 3
94 43 0
94 44 4
94 45 1
94 46 4
94 47 3
94 48 0
94 49 3
94 50 2
94 51 2
94 52 4
94 53 3
94 54 3
94 55 0
94 56 1
94 57 3
94 58 4
94 59 0
94 60 1
94 61 0
94 62 1
94 63 5
94 64 1
94 65 1
94 66 3
94 67 2
94 68 1
94 69 5
94 70 4
94 71 4
94 72 0
94 73 0
94 74 2
94 75 0
94 76 0
94 77 4
94 78 2
94 79 4
94 80 2
94 81 4
94 82 1
94 83 1
94 84 1
94 85 2
94 86 2
94 87 3
94 88 5
94 89 5
94 90 4
94 91 3
94 92 3
94 93 3
94 94 2
94 95 5
94 96 5
94 97 4
94 98 5
94 99 5
94 100 0
95 1 2
95 2 2
95 3 3
95 4 5
95 5 3
95 6 5
95 7 4
95 8 4
95 9 4
95 10 2
95 11 3
95 12 3
95 13 0
95 14 3
95 15 0
95 16 3
95 17 5
95 18 5
95 19 0
95 20 2
95 21 4
95 22 5
95 23 3
95 24 4
95 25 1
95 26 1
95 27 5
95 28 5
95 29 5
95 30 4
95 31 2
95 32 1
95 33 3
95 34 4
95 35 3
95 36 2
95 37 2
95 38 0
95 39 1
95 40 0
95 41 2
95 42 2
95 43 2
95 44 0
95 45 3
95 46 0
95 47 4
95 48 1
95 49 1
95 50 1
95 51 3
95 52 4
95 53 2
95 54 3
95 55 1
95 56 5
95 57 2
95 58 2
95 59 4
95 60 4
95 61 4
95 62 3
95 63 5
95 64 0
95 65 1
95 66 2
95 67 5
95 68 3
95 69 2
95 70 0
95 71 1
95 72 4
95 73 2
95 74 2
95 75 5
95 76 5
95 77 4
95 78 5
95 79 2
95 80 2
95 81 2
95 82 2
95 83 2
95 84 5
95 85 1
95 86 0
95 87 1
95 88 3
95 89 1
95 90 1
95 91 3
95 92 2
95 93 0
95 94 1
95 95 0
95 96 5
95 97 5
95 98 5
95 99 3
95 100 4
96 1 5
96 2 2
96 3 4
96 4 4
96 5 4
96 6 3
96 7 0
96 8 0
96 9 3
96 10 1
96 11 4
96 12 3
96 13 0
96 14 1
96 15 3
96 16 0
96 17 3
96 18 4
96 19 5
96 20 2
96 21 1
96 22 5
96 23 1
96 24 2
96 25 3
96 26 3
96 27 2
96 28 1
96 29 1
96 30 4
96 31 0
96 32 4
96 33 3
96 34 5
96 35 4
96 36 1
96 37 0
96 38 5
96 39 4
96 40 0
96 41 5
96 42 4
96 43 0
96 44 0
96 45 1
96 46 3
96 47 2
96 48 0
96 49 5
96 50 4
96 51 5
96 52 0
96 53 2
96 54 3
96 55 2
96 56 3
96 57 5
96 58 4
96 59 2
96 60 3
96 61 0
96 62 0
96 63 2
96 64 5
96 65 0
96 66 3
96 67 2
96 68 2
96 69 3
96 70 4
96 71 5
96 72 0
96 73 4
96 74 0
96 75 0
96 76 4
96 77 1
96 78 0
96 79 2
96 80 4
96 81 3
96 82 3
96 83 4
96 84 4
96 85 5
96 86 1
96 87 4
96 88 1
96 89 4
96 90 1
96 91 3
96 92 5
96 93 0
96 94 1
96 95 3
96 96 3
96 97 1
96 98 5
96 99 1
96 100 1
97 1 5
97 2 0
97 3 1
97 4 2
97 5 1
97 6 3
97 7 3
97 8 4
97 9 3
97 10 5
97 11 4
97 12 1
97 13 3
97 14 3
97 15 2
97 16 5
97 17 1
97 18 5
97 19 0
97 20 2
97 21 3
97 22 5
97 23 2
97 24 4
97 25 5
97 26 4
97 27 0
97 28 4
97 29 3
97 30 0
97 31 4
97 32 1
97 33 3
97 34 2
97 35 3
97 36 2
97 37 2
97 38 1
97 39 1
97 40 4
97 41 0
97 42 5
97 43 2
97 44 1
97 45 5
97 46 1
97 47 4
97 48 0
97 49 1
97 50 3
97 51 2
97 52 3
97 53 1
97 54 5
97 55 1
97 56 3
97 57 2
97 58 2
97 59 0
97 60 2
97 61 4
97 62 1
97 63 1
97 64 3
97 65 0
97 66 2
97 67 2
97 68 0
97 69 4
97 70 5
97 71 2
97 72 2
97 73 5
97 74 2
97 75 0
97 76 5
97 77 1
97 78 3
97 79 2
97 80 0
97 81 0
97 82 2
97 83 4
97 84 5
97 85 2
97 86 2
97 87 1
97 88 3
97 89 2
97 90 0
97 91 1
97 92 2
97 93 5
97 94 5
97 95 1
97 96 1
97 97 5
97 98 2
97 99 5
97 100 1
98 1 4
98 2 1
98 3 2
98 4 4
98 5 3
98 6 0
98 7 3
98 8 5
98 9 5
98 10 1
98 11 5
98 12 1
98 13 1
98 14 0
98 15 3
98 16 1
98 17 3
98 18 5
98 19 1
98 20 1
98 21 4
98 22 3
98 23 4
98 24 0
98 25 1
98 26 0
98 27 1
98 28 0
98 29 3
98 30 1
98 31 5
98 32 4
98 33 0
98 34 1
98 35 0
98 36 1
98 37 3
98 38 4
98 39 0
98 40 3
98 41 2
98 42 4
98 43 0
98 44 0
98 45 1
98 46 2
98 47 4
98 48 4
98 49 3
98 50 5
98 51 3
98 52 4
98 53 2
98 54 5
98 55 3
98 56 5
98 57 0
98 58 5
98 59 4
98 60 4
98 61 3
98 62 1
98 63 2
98 64 1
98 65 3
98 66 0
98 67 4
98 68 5
98 69 5
98 70 5
98 71 5
98 72 1
98 73 2
98 74 4
98 75 4
98 76 1
98 77 0
98 78 4
98 79 0
98 80 4
98 81 4
98 82 4
98 83 2
98 84 1
98 85 0
98 86 4
98 87 5
98 88 3
98 89 5
98 90 4
98 91 4
98 92 1
98 93 5
98 94 3
98 95 4
98 96 0
98 97 4
98 98 3
98 99 1
98 100 5
99 1 3
99 2 4
99 3 4
99 4 2
99 5 4
99 6 1
99 7 4
99 8 1
99 9 1
99 10 0
99 11 5
99 12 3
99 13 3
99 14 5
99 15 3
99 16 4
99 17 0
99 18 2
99 19 0
99 20 0
99 21 3
99 22 1
99 23 2
99 24 5
99 25 4
99 26 3
99 27 0
99 28 0
99 29 2
99 30 4
99 31 4
99 32 0
99 33 3
99 34 4
99 35 1
99 36 4
99 37 5
99 38 1
99 39 1
99 40 1
99 41 0
99 42 0
99 43 0
99 44 1
99 45 2
99 46 0
99 47 3
99 48 0
99 49 4
99 50 1
99 51 5
99 52 1
99 53 4
99 54 3
99 55 1
99 56 3
99 57 3
99 58 2
99 59 5
99 60 3
99 61 0
99 62 1
99 63 3
99 64 3
99 65 0
99 66 5
99 67 4
99 68 2
99 69 4
99 70 5
99 71 4
99 72 5
99 73 5
99 74 1
99 75 4
99 76 3
99 77 4
99 78 0
99 79 3
99 80 0
99 81 1
99 82 3
99 83 0
99 84 4
99 85 3
99 86 2
99 87 5
99 88 5
99 89 0
99 90 0
99 91 3
99 92 2
99 93 0
99 94 2
99 95 3
99 96 3
99 97 0
99 98 0
99 99 3
99 100 4
100 1 5
100 2 0
100 3 2
100 4 1
100 5 0
100 6 5
100 7 2
100 8 2
100 9 5
100 10 3
100 11 1
100 12 4
100 13 1
100 14 5
100 15 0
100 16 4
100 17 0
100 18 0
100 19 5
100 20 2
100 21 2
100 22 0
100 23 1
100 24 5
100 25 0
100 26 3
100 27 1
100 28 2
100 29 0
100 30 1
100 31 2
100 32 2
100 33 0
100 34 1
100 35 1
100 36 3
100 37 4
100 38 1
100 39 0
100 40 2
100 41 5
100 42 4
100 43 2
100 44 0
100 45 3
100 46 4
100 47 3
100 48 4
100 49 1
100 50 1
100 51 2
100 52 2
100 53 4
100 54 2
100 55 0
100 56 1
100 57 2
100 58 4
100 59 2
100 60 0
100 61 2
100 62 1
100 63 3
100 64 0
100 65 2
100 66 1
100 67 3
100 68 3
100 69 5
100 70 2
100 71 2
100 72 2
100 73 5
100 74 2
100 75 3
100 76 2
100 77 1
100 78 2
100 79 5
100 80 5
100 81 4
100 82 3
100 83 4
100 84 3
100 85 1
100 86 1
100 87 1
100 88 5
100 89 0
100 90 1
100 91 0
100 92 0
100 93 0
100 94 4
100 95 1
100 96 4
100 97 2
100 98 3
100 99 3
100 100 0
